Endothelial	Neuron	Astrocyte	Pre.Oligo	New.Oligo	Mye.Oligo	Microglia
ENSG00000121075	238.600926683731	1.2721213334996	2.33614920428224	3.64926662606011	1	1	1
ENSG00000108379	2.47670334410331	15.7694618177229	21.415932607374	11.142341088516	204.209421206536	548.136312531145	1
ENSG00000183067	494.456582864975	1	1.70782625781268	1.29995431002306	1	1	2.46715317905133
ENSG00000160255	42.0708271382844	9.35832973157323	4.71312059358816	191.62690228022	16.4268623890504	98.5121614295011	6467.4296375601
ENSG00000179242	40.4432430014528	4366.2208078643	374.92686890669	432.544989935485	93.9592592794041	13.3074875455871	8.28543421508422
ENSG00000139567	5844.47784082103	11.749351902949	37.4158606825269	22.6725609725898	5.44213742746285	19.6702433797555	903.760495436207
ENSG00000282608	1	1	1	14.7057422577418	1	1	840.059696748101
ENSG00000125398	162.371570681866	362.223477128879	6031.96208315818	220.578670464702	63.5776304675294	35.5712029711078	32.6211134487496
ENSG00000096996	1.87395357489354	1.22453754891779	1.15926294193682	3.49726836627244	121.609861422765	240.902179847062	11.6019731574389
ENSG00000143603	5.51024895148194	169.899466856996	3407.38433941349	173.834241545974	59.2133394034986	16.6369848474945	24.3778053808227
ENSG00000167434	10870.5908807877	35.4967589842465	49.7225959442562	25.3150656174579	7.84319316312057	31.8434941937217	121.862615286914
ENSG00000119866	11.4971609904699	3424.29865708168	31.1815251619711	42.3114632077062	12.0170208127575	70.6076311411029	33.8794645611039
ENSG00000123454	147.840939400148	1	1	1	1	1	1
ENSG00000277632	16.8216845474752	7.56107650778248	12.3627867589099	530.52352013209	12.8317121711033	40.1556596280551	17649.5407465637
ENSG00000188015	1	3.84030745824376	20.7932363185608	238.547782855336	164.733793498659	11.4570674831069	1
ENSG00000108622	3531.303192165	2.83996094887544	9.22527340718232	2.20500347949961	1.42805050264323	1	49.057986563407
ENSG00000105699	4766.62822669325	23.5765630822912	35.2863506097565	10.5427271993017	17.7681992851848	38.7471074551843	89.0814389630945
ENSG00000086205	2.41565251562535	11.7307766711603	751.268017149539	90.1903720423408	57.3472982264996	166.492072981632	3.33819700881636
ENSG00000149564	11362.9051378642	36.1857915141052	62.6585665637194	21.4451630202383	10.8912070633258	23.0917216240302	116.038688060425
ENSG00000163873	5.67668690823645	929.981673998425	7.4335701147832	2067.4315307071	2518.44390000218	407.32280096725	34.655259947575
ENSG00000184343	6.21435109020091	12.1952169643313	4.70187479615478	71.9988358378229	1031.71660648844	420.03201089661	265.703651871252
ENSG00000134571	1	1.15926294193682	1	14.9048731923177	1	6.13720527290322	476.635711862556
ENSG00000066336	4.15131014763622	8.80573477166141	5.08523714117118	179.457678266474	22.3401343809557	81.2521890034507	7625.49183578801
ENSG00000130287	110.251818974559	4417.03274311687	34904.4471398864	6751.63669910853	913.4475215129	595.746248604017	282.078558391128
ENSG00000147509	5.85183789533827	70.3655057411188	1421.83828219297	134.893453205062	34.6577646039088	56.9300980424122	11.6491464457716
ENSG00000101336	7.19037679053901	13.7079975205073	2.30823275864306	58.6204872848827	6.33216632070276	15.9638156914893	3494.98940874943
ENSG00000090932	1.44021551531743	73.7826764228529	6.32993018576138	746.937088290568	166.318205253213	5.85183789533827	1
ENSG00000172137	21.2371720264784	2496.89944924831	7.75719353375083	259.283157690988	77.5287789420048	64.258240723163	9.13762125684563
ENSG00000198822	85.5952830531385	238.861312651118	8042.91893776856	260.90847570933	40.8003466255275	253.066598740128	72.9750167595156
ENSG00000111679	9.3947667117726	5.18073749858634	7.48526133905365	108.719956637435	13.8393006779294	66.8185934173627	4154.26930826853
ENSG00000113302	1	1	2.07980810627199	1.14044334488214	1	1	365.547309099456
ENSG00000157005	33.0828999214184	8330.74910924944	18.7833614296527	23.552320916065	8.13550333696864	74.956794936025	47.3810445867919
ENSG00000174837	5.26044848695106	16.979467904566	5.4665356144291	314.74865467985	31.2518670318459	120.170123110053	6755.46763863214
ENSG00000106178	1	1.77609299581754	1	9.88848431637968	2.01696773431461	6.88247846643702	511.471544597278
ENSG00000132702	1	3.28263585894583	2.14176391282754	1.93911673818575	447.617857116521	2267.39925372465	1
ENSG00000110436	266.383489556313	5490.64451886971	276998.254511205	35929.3869142409	2375.68668802874	4080.80442145634	1192.88289912102
ENSG00000104419	533.499730845508	327.616835996405	25.7682616252326	19.1660230380816	2179.14010409575	12604.1594738507	172.693349347104
ENSG00000183421	1.42805050264323	607.491979824319	4.1854042791745	1	1	10.8159130394699	1
ENSG00000079215	245.558232897134	3098.07315537268	80956.1345043354	11925.5116969596	766.59234789311	1508.49481483034	1150.51334809605
ENSG00000009950	1.35800836248266	2.02438865763	66.5521868038564	78.7741034850796	5.72353000876039	6.64838871124618	1855.44789123769
ENSG00000170893	4.49768432579644	41.0290997648021	120.357996944285	1	1	5.02147455664953	1
ENSG00000115507	1.79663029451939	37.9319361877556	890.023613890612	27.1435895057642	7.92149390339334	5.37651261872104	5.99338269075843
ENSG00000257950	64.7346299400553	716.189016654324	2.60759652393347	2.31265432008098	1	3.13434241332162	9.33332495129878
ENSG00000120156	7265.22771462805	8.26421895722497	50.7531858526176	7.98737181895911	2.56429191842529	7.58080169435265	28.464616205792
ENSG00000158859	250.960221541209	53.3740105689067	30.7339473118141	66.6217554010664	9599.24118512654	5602.75623848294	52.538795953325
ENSG00000162267	16.0711963221941	99.4681814729956	5082.26576149865	100.717616673452	38.2638813555778	170.969666449552	47.2157311141452
ENSG00000173786	538.085068596041	580.518033890486	2442.56751209436	5648.23320700118	95394.9347046969	86975.5128923967	1754.5557578169
ENSG00000196562	46.1717491877779	1038.16659353906	90.5020914377884	26981.633844811	15973.7049186614	4853.14469468514	719.430595732574
ENSG00000211448	24.5742690020584	177.632095709401	9158.29397670658	1048.02801836896	146.827865839285	234.854845060033	89.1967513751163
ENSG00000107105	23.2900423878383	1632.57691141676	33.2385360487978	82.417600571451	35.4864288472304	29.9628083522056	2.34965633135637
ENSG00000177575	1.48793769448454	1.16537678548928	2.92161770907648	32.7580846048621	1	1	758.948969836582
ENSG00000053918	890.03402515997	5.22928822387263	5.94672925496794	2.31265432008098	1.54474802912664	1	10.3005104293488
ENSG00000106536	1	168.026747942459	1.77985379624893	14.6719028447589	11.0004330892759	1	1
ENSG00000196169	2.55970759249787	31.8015924965004	35.8576771915496	78.9159382315367	3601.40498806175	1177.72437081754	56.4770393590358
ENSG00000007402	11.7635891583603	12250.3359418883	175.61339551917	175.859896332836	57.0968733684715	17.3095492506082	12.2696034103441
ENSG00000108001	23.8648257970371	4189.3181992139	3.25986236502424	8.40600507015085	2.04861768310144	3.90344028905469	167.432550437998
ENSG00000196132	3.87370765644074	637.887978978506	5.68096825127826	4074.85816127756	875.627926318816	66.7743697517489	5.42094685140084
ENSG00000185100	5.38114076841097	14.3489976179048	4.34916774925401	17.8946851194846	490.416306154729	2882.65862091104	345.507415370571
ENSG00000106018	1	11.5761338928441	84.6841513789615	158.029314918338	46.1279897817813	1	1
ENSG00000064787	5.80712291948834	164.125279593643	10.5636428140962	6838.77232423284	32613.9497354189	24725.7260735031	248.193421899758
ENSG00000054179	11.9979152283099	62.1433861423891	1705.93555628388	57.8454697451555	14.4972598463426	52.0969154375376	40.2988731807821
ENSG00000112149	426.627805271768	36.7034511043025	43.2566848259891	931.695078757877	62.162816947456	108.799593917247	38541.9057275788
ENSG00000116147	6.4305647899977	690.931741268293	131.173466340919	44729.8545469887	36926.7302569643	1714.15613076501	25.8574010755327
ENSG00000150337	2.24113436091643	3.38220334071692	2.49838722109677	65.0625150919814	7.12370558380675	30.957641277897	2467.31706239865
ENSG00000158517	60.2968626238026	6.48757849560073	18.6876897844759	283.369792219652	26.1095149240091	108.64489071207	15991.5741654653
ENSG00000075275	13.256855765644	67.4716968558721	901.083473419486	12.7594143213986	10.1227751809811	16.6960881725589	25.0548728529546
ENSG00000151702	2373.82510491665	4.26132340597376	11.5415331261436	32.5476731157716	3.07921613116377	4.34274961777528	660.533784897516
ENSG00000174059	19965.7470634697	45.8697404949594	74.4767261308605	58.7383281566641	15.0685819363863	58.8940127960483	895.438010194274
ENSG00000120217	18.2224331680451	3396.71897023891	20.2885180305374	16.1936127194367	9.68696456224314	10.6174554545903	535.663535680449
ENSG00000137573	19.5456806788908	17.8026300559685	8.2538355689974	488.587652515794	117.411094961007	13.1114378771855	3.3942726737478
ENSG00000124159	6.92765100531499	135.968133573064	20.2075971895512	18949.6198880703	6610.1586219059	1090.81839263886	46.2031787861502
ENSG00000124107	1.65796267250572	3.91523009423914	1.14044334488214	358.916950278627	350.819622101583	700.195365582621	36.5142105170861
ENSG00000124232	2.26090952793001	8.29881258439531	5.12385978302272	1722.3595564118	890.821656795227	220.291873159295	3.57876483441578
ENSG00000179761	1.77985379624893	20.577193021002	183.141014172966	2.48600556442645	1.83473211861788	3.9417826117605	1
ENSG00000101017	1670.57229398502	2.82099590630254	3.52371648234089	2.56429191842529	1	1	48.6534849260016
ENSG00000101049	1	1.15926294193682	1	1	347.206274114628	583.25386084567	1
ENSG00000065361	1	4.86737810729402	1	1281.8791832191	2365.88656022228	3095.01017441556	15.8331662644494
ENSG00000101958	8.03110185019485	365.191607071022	4.17195103823464	2.32503673613696	1.54474802912664	1	1
ENSG00000188828	1	1.74571014192825	2.48768005406161	1.14044334488214	21.9077437810314	89.0821131967824	1
ENSG00000135111	645.258620591455	1.44907509783558	17.219441831514	6.89920959932401	1	1	10.3573834550884
ENSG00000185811	8.54139599325749	1.73320457713929	1.48793769448454	118.58993060665	12.2185422421809	33.8474172521202	1977.38968561041
ENSG00000273706	1	569.423228400708	2.23684580983682	1.15926294193682	1	1	4.1535784881672
ENSG00000275302	4.15504157820242	8.13674763217574	13.0385148906311	502.336908499092	12.7070976241855	79.88173063231	18654.9595566118
ENSG00000275718	4.94975765359731	3.62304781942811	3.36503039276332	124.315931941442	8.90852016060246	49.2133602534699	5933.92232847364
ENSG00000143355	1	114.515616526221	1	1	1	2.12378599665382	1
ENSG00000130055	5.94672925496794	182.719448777001	3687.66559244644	96.8364445751617	33.2096053364296	6.74055119201055	19.196810631178
ENSG00000004799	672.657047057909	82.8661993901704	3415.01504111967	27.3229111967312	26.515060468077	167.3293804259	49.9282841472391
ENSG00000164434	165.267626031368	1977.62952537029	20938.3532968639	3529.89292284933	648.741073136123	165.239384714136	72.7302215383149
ENSG00000011465	18.1787451914808	15.5023603988486	3.77980749913231	673.224958281906	3.65812189226847	9.28603771753559	11.19720553855
ENSG00000179520	1.44021551531743	198.881409699729	4.33682962116075	1.22453754891779	1	1	1
ENSG00000049130	6393.27766601287	178.067757935937	183.178531492755	19.0401426064017	5.63972251046494	16.1869728072017	83.0874810259006
ENSG00000111783	2.68074080607834	68.7795210668239	1860.75057883475	310.100431100862	81.7891201613791	38.5849325736098	13.2208223472493
ENSG00000139352	1	52.1355328455196	27.939828262549	232.902598157923	38.3294081036822	9.98289544757236	1
ENSG00000146648	19.7446376508814	220.838437692406	4520.04173872059	90.1725372678331	10.1246369837969	20.3567639575756	63.9066604345622
ENSG00000130005	113.622537146276	38.0788485965213	104.385830647758	39.7914679139559	1927.93395920426	4571.53914490686	179.745502000826
ENSG00000127329	15135.4330838367	28.4849729123212	128.51481549685	38.3662713674791	563.28660377106	177.385613428447	57.5130949919758
ENSG00000106078	8.80192145343553	148.230638485967	3.69334387480938	1155.60502237777	328.806440502393	89.0862433043094	26.6049864042421
ENSG00000132437	938.076689731463	7.32770998819236	7.23253963312829	25.1648151774967	1378.4768278826	1035.76241000326	11.0349811680048
ENSG00000135678	106.013364904194	150.695070460657	4.90159410629108	19.278031759248	1872.7788143101	1867.5538018481	13.7469815523218
ENSG00000175183	5582.13290575538	144.022581879997	41.978830920794	48.6865974700604	14.0479600448729	26.541605787374	33.6182000465123
ENSG00000099866	738.248977097049	1.20385459549474	2.01696773431461	1	1	3.13434241332162	12.6796869534041
ENSG00000037280	2245.81030931247	7.49962431946325	16.6550330304288	4.64505435383085	1.44021551531743	2.12378599665382	7.41139738952126
ENSG00000213316	40.5373993559781	1.50848225332229	2.88727516521811	85.0193138529743	13.9244131801299	39.2669810149408	3351.55962645744
ENSG00000135077	2.38078039098511	1.2000796421132	1.62056718045821	82.5139132583434	7.93566399068546	16.9720790325813	1138.90873271399
ENSG00000172548	1.44021551531743	3.43973909018438	1.14044334488214	8.646681077057	1088.30117488353	1973.72561024086	2.92161770907648
ENSG00000113327	8.7151345622059	928.937509915009	3.35949487040607	80.2544228130165	17.3080994636372	29.3678443448691	7.61594795887414
ENSG00000136286	3.78639358711293	2.41099799753025	4.09773016972017	14.8307629076448	4.16390411722275	12.4682731759767	1127.88609175136
ENSG00000108387	3442.88679920415	77.1575658206889	549.168968632755	254.266208910676	8251.33923268773	20859.1415683993	167.896822151492
ENSG00000108950	52.5177237743567	193.345830859359	1721.43072790952	51.0033808448607	4.56676799983201	40.5572565008412	59.1473288225857
ENSG00000181291	4.15345531590969	211.85189737931	20.6094235914835	487.647145843416	149.401420631635	4.86662403424715	1.70782625781268
ENSG00000261371	14608.1406159201	62.4271097684659	82.2172988990284	30.6422594468983	12.2274391134322	26.246402096232	576.108349160527
ENSG00000075461	12.3177257915523	1200.05768770306	615.615491734279	16302.0583090414	3815.94381305503	146.045762334073	69.6226167825131
ENSG00000172794	9.69819399451118	1.29970628681896	9.63842341005901	4.58153391425342	80.5441917049569	522.030375733741	15.3876091067884
ENSG00000161509	4.74038050088547	17.0034640990974	2407.12122920364	303.540141968979	18.8939513232957	252.786251218721	223.487333238247
ENSG00000132470	29.5896967813947	7.64420438212403	10.1877667154565	4.53060361678312	905.679163562068	4167.35992365037	12.6101610362411
ENSG00000108381	2.88647255474009	3.04056291563383	132.486322970605	6.99360180816581	563.879775287873	2892.85729642381	7.24144285323613
ENSG00000108405	43.01581052318	1.2000796421132	1.19272491285816	16.7078873055092	1	8.53274535372787	1126.57024504447
ENSG00000141485	4.44015295604589	87.3557061389523	3506.27555775824	758.253398236169	164.335450007826	94.36865432116	65.8798216121332
ENSG00000007171	535.860174943026	3.23539765201827	6.56189561652272	3.91387250433597	2.45529929907609	1	6.24757830157477
ENSG00000108846	18.7933203390038	2.25205500024658	3.51258679970431	67.7353604546299	10.0842595816964	25.763234419479	3847.91907578323
ENSG00000141506	15.5964154831724	60.9603797174989	2.45718324963203	56.3390035068055	3.93430635810266	11.2113707065091	2747.32682719375
ENSG00000131097	506.847347127911	1.98496354444407	7.43027392882036	3.06713745216608	1	1	9.88502189150575
ENSG00000100505	39.8807506280237	1777.67290531321	17254.2090954314	1461.62351530665	288.127054579315	385.207238035541	227.553408521165
ENSG00000100558	1.62056718045821	93.7687099403333	1	1.19272491285816	1.02537831932661	1.09364505733147	1.05075663865322
ENSG00000198732	4.14602413787022	291.516086600024	120.780169550651	2680.28887178371	613.087202828132	44.0357016862117	17.7443494527409
ENSG00000100628	1	6.06104913216021	3.0956416465479	18.8417691335004	7.12370558380675	11.9955480097731	1213.29674427075
ENSG00000106571	48.7472679125494	28.6349159902929	2016.16383777679	28.9138311062525	5.20633444158624	14.504046824231	3.48260447454598
ENSG00000197977	16.5868976950056	303.700096586782	2228.93109475748	117.007854310698	14.6167670105055	58.309985019035	24.2630047242598
ENSG00000157303	1	19.2377656849219	1.83473211861788	38.5753236055531	7.58058309216524	36.9766895821811	2041.81119478637
ENSG00000187764	14.0117933288401	466.674747705027	983.135484592082	444.203716284891	17469.6385650479	12792.6813184083	4675.75698360231
ENSG00000171368	27.6023604496674	717.568397883584	13.7832230284844	1115.56699769666	16088.5882571586	14022.4947380168	670.335801440365
ENSG00000175426	3.13073027269014	824.641694545797	2.14176391282754	13.0876349837885	4.24885953831937	4.56098872160796	3.48260447454598
ENSG00000145681	36.2146693853568	682.929645427378	4233.28992105994	715.611012405064	111.779989710918	55.0385403110419	24.2275430333745
ENSG00000038427	35.7535107091878	1257.86998295279	3698.36053992885	19584.0665642733	9662.66694763066	322.87943601101	20.7004105145256
ENSG00000152939	845.301054962501	5.48451353060282	8.60762605992333	5.67163925567049	1.62056718045821	1	26.0505546458458
ENSG00000197822	3574.93180668426	9.7409347272874	19.5109883705631	7.17951393969134	1	11.8546912233312	54.8282154432645
ENSG00000164181	325.976763026252	13.4150561554656	63.1664504082057	158.73697494943	2563.24582398511	2587.42559498994	2.56429191842529
ENSG00000122367	1.54474802912664	14.2406167420127	11.8485294538831	5.09387639116655	88.5230243798624	451.719876021476	2.14176391282754
ENSG00000125378	41.505736955707	5.78842579041112	1.22453754891779	270.142261526408	1306.52917707135	134.016929769467	5.2623748903617
ENSG00000010319	1355.27822152825	5.02072433139666	12.7522174859669	5.34174624974808	9.01291613613989	15.6730815484812	10.2677254359605
ENSG00000120915	4.05746881047901	16.5835663007413	827.13508961675	49.1866760901841	14.0475723171067	46.1107217350615	26.697090870664
ENSG00000221818	1	121.998864235414	1	4.49957220886058	1	1	1
ENSG00000150361	1.83473211861788	337.10059759876	1	1.845104729376	1	3.20740383642646	1
ENSG00000120913	191.596894338414	28.2747114793664	26.6827887202185	26.757150183385	1571.33944853229	6329.51231941742	222.475113408271
ENSG00000136160	98.9003393752707	809.804430518261	16736.4947073611	19346.3288121071	2404.30384848566	189.160878372935	307.575696073717
ENSG00000080166	1	1.09364505733147	1.68519137400878	86.0963671107177	640.109041515011	200.937393831692	1.83473211861788
ENSG00000145623	1436.25035419001	11.5408442341717	330.602651306962	8.86319468266371	1	8.65918594141462	4.99760369809743
ENSG00000129467	1685.04510048522	2.70799563496497	15.4532300735655	4.49858893421785	3.20740383642646	9.41204786805046	38.4485122971997
ENSG00000112902	55.3016621910787	789.812922906574	15.319678930044	4772.7330448176	9978.5852217696	3058.0265896234	13.2053907272555
ENSG00000039560	3127.28188515274	21.5906690105015	95.3741588437057	28.1829414044704	6.0469942860344	8.13279566152127	11.3256140485917
ENSG00000164930	5305.59176403474	27.1568592066379	284.979291693629	44.4991065216735	16.1960353181428	7.67450496345504	23.0780620699139
ENSG00000138892	1	2.90736869436876	234.039678964521	1	1	1	1
ENSG00000136960	3534.28966127816	298.484907606654	103.608141193074	8458.06280311479	30498.8869408582	26372.72122123	89.9124438550646
ENSG00000139209	1	89.9282540637587	1	5.75553467747297	1	1	1
ENSG00000139219	1.44021551531743	34.9851815429878	119.44459926321	33.7787311253176	351.134812792564	31.8508907105231	1
ENSG00000123338	10.9332374996376	17.7311541879108	15.3144511528185	762.492702620601	63.6683948938355	263.562807203734	11920.3237849921
ENSG00000189058	3966.95350068235	21.6293833311033	10.4609808035105	1393.1731986952	3028.07180200294	15451.2741221942	107.270473968326
ENSG00000091986	62.9327573358785	80.7787897430472	3649.9027260633	111.753491564204	11.7183764982451	29.9468277704842	252.896888954373
ENSG00000183773	79.2043729952155	226.357224204089	3745.86013335636	42.1221389963095	7.06838108633303	68.3045649261008	74.6203634868248
ENSG00000099937	2.48600556442645	2.56400151197125	1.44021551531743	12.5475493097662	115.34984921053	78.3979442641876	3.20740383642646
ENSG00000154645	1.4597356097887	181.473555759366	1	5.85803101522694	3.51535495541138	1	1
ENSG00000163406	200.587931201327	245.326844403552	9023.33896932757	859.256183023982	102.270390251208	111.985416747072	165.618287491237
ENSG00000114013	4.22899969083156	1.87554881879426	1	84.9633345372957	1.83473211861788	19.0472329192136	1789.16372897223
ENSG00000159216	9.1882071959405	2.52122373586725	1.14044334488214	38.5647201218275	1	14.8494609791164	1201.99894757206
ENSG00000164082	2.41565251562535	1475.73548308377	8.15566603028568	20.6743555056326	3.8606162316545	46.8553561605981	50.2653076289285
ENSG00000103175	2931.11405826481	5.54585980251482	21.2398175071543	16.7467633353219	1	11.7624589874332	34.8148661666787
ENSG00000115844	2.56429191842529	837.367511459552	18.4687167698829	4.36525668469799	14.6380771947928	61.0626401691856	7.52896841672802
ENSG00000008300	6.66261150462142	4236.28647916339	44.7043660879627	233.202165484202	128.343508668533	88.4435493970404	86.5439322303766
ENSG00000146477	1.05075663865322	16.7635899502879	1	127.974256235386	25.236157633529	8.47035168702945	2.32917626593488
ENSG00000008516	949.699003901513	2.8149496209141	3.50780319735952	1.6916006626609	1.06619501950299	1.22752967994168	18.2287038270688
ENSG00000115665	2.16714223215415	256.047277220301	1.02537831932661	14.9949647808677	68.0248468026634	1.25637298942124	1.16537678548928
ENSG00000112782	1038.53204136079	10.6265087617846	10.4300613315057	6.22922217251536	2.6619290609256	6.88348725111092	15.7285851642319
ENSG00000095970	3.20229939990315	11.4238702862174	9.05853921513787	362.873742658399	43.0908049075543	225.969139529996	12550.5756238521
ENSG00000160200	9.35927510285872	113.713074014742	4684.48645374059	120.757331699601	21.1420949697661	154.481157400608	152.765697463321
ENSG00000205221	2.40342644980941	26.8828707993502	366.557452547254	58.3932715702442	10.2117307893572	1	1
ENSG00000138061	16.9678674297454	28.6570929546812	523.86645757851	118.02598727747	1	1	5.56422885781677
ENSG00000132872	29.6601512088401	5730.53252418245	132.716964504304	177.369466351567	133.098577150158	62.0128059842569	24.3907378683742
ENSG00000101489	35.897220366383	8734.44789813088	44.6400410863896	226.736539691345	68.0260660030574	267.53748577948	188.651157261402
ENSG00000186529	1.83473211861788	4.66737944192604	298.425656454179	26.2925301974859	1.87395357489354	30.6220297353443	10.1751446568128
ENSG00000142347	6.54007328502499	2.97703978782166	1	92.6667384634457	7.28467732351328	59.4526541019997	2804.63239096754
ENSG00000204252	1.44021551531743	1	1	5.43781921341486	1.87395357489354	9.01291613613989	694.706862923565
ENSG00000072163	711.266765439139	69.2030374720824	4.84283058581675	7364.72984208817	14102.1064122276	2698.29190796271	94.6378839985034
ENSG00000232810	169.521112967568	2.63871020939231	7.45502224119697	59.5258703023563	2.94574117421515	23.3304489996414	9835.65263263447
ENSG00000171885	91.0025982739261	749.64729586729	20014.3523587101	627.183940900111	51.2132280460769	165.109187922424	89.3897781948204
ENSG00000113555	2312.91257110001	3.9690745319395	4.7308598843764	2.38078039098511	1	3.23936492412534	22.7945556436846
ENSG00000168938	4061.61460650552	30.6019402051002	223.205391149799	43.9299852962836	3.26585936067538	5.09819721980667	23.7609620810944
ENSG00000132874	1	3.9228199898634	146.933386689309	1	1.44021551531743	4.56098872160796	1
ENSG00000145794	2.27494763393531	109.322240909164	2832.93642008297	164.048700635002	233.48491629775	586.371716634848	8.8703071272023
ENSG00000138829	2.46715317905133	107.275276597842	14.9347464219991	362.750226112819	723.951269686086	164.335450007826	3.9690745319395
ENSG00000182578	148.091155798978	149.576588202496	151.384909881153	8337.85299753751	632.909181206529	1619.47505349872	216706.272722883
ENSG00000197901	8.43791850191477	5.22666896767072	1.68427315870649	110.892768382483	1	2.38078039098511	4.26952911304653
ENSG00000166926	1	1.02537831932661	1	15.9016919999054	1	13.4921672889324	634.55312786594
ENSG00000119121	384.407417032156	1	11.7805155597816	1.79663029451939	3.31986188684615	1	1
ENSG00000132744	148.593657926356	5.41192907647937	12.6106415787289	2.72479399212728	152.71932017134	959.888739083488	20.9954341756714
ENSG00000172543	704.571479821387	1.54474802912664	6.78058573878163	3.53215022204254	1	1	41.17417733149
ENSG00000155629	5.95733409322211	2.96563157762228	1.14044334488214	87.6621685386348	11.8660827573214	36.109207438469	2839.18447528349
ENSG00000135424	125.622095431834	78.9442984252352	3199.99207178579	44.0650224301159	26.5368013549547	60.2815130195436	63.8701167302306
ENSG00000110944	3.72349613227248	1.41726246177595	2.31265432008098	3.55956786459743	438.641364013577	573.129997828108	11.7728829086261
ENSG00000111087	2.74435317711204	25.8252388015944	1041.12635129945	6.76894794282531	6.58939099989267	5.45543987588568	32.5035701215628
ENSG00000185187	979.623497557855	1.09711004748442	2.05926966753567	3.60891709187887	1.02537831932661	1.06619501950299	63.0693293581682
ENSG00000164776	24.4678921525407	43.0575494432071	1958.74054580447	39.1253582387698	37.7661789970305	92.6460139586318	66.1537147558418
ENSG00000102271	1818.78337658718	12.9749822474459	4.74351400247599	8.45591639117492	373.359337447343	1020.78654020783	1.02537831932661
ENSG00000012779	3.24757199330765	2.54255837643056	1	20.8171250677712	545.266195943204	383.482756985999	716.431782262592
ENSG00000140557	4.41688002144175	1272.93292802672	39.4689210904835	7.3087445613818	1	6.34480594202379	1
ENSG00000163823	1.56643835426486	1	2.05926966753567	63.3457200650241	2.14176391282754	13.448961724144	1827.83925437021
ENSG00000160883	1	8.36637320905648	2.63136241313727	66.2215707012995	9.030203859883	32.3279309016304	3111.70766461219
ENSG00000164736	1961.85688945108	3.96862920280966	10.0144429396218	3.18903478112451	1	5.28798052033061	28.7986451822154
ENSG00000147481	3.85953237905279	143.634977887194	1	476.94538427658	151.878921369649	10.7963468441721	8.57205862496381
ENSG00000168542	224.253633486804	55.0050845170664	8.50199381649736	2185.74021014212	8.52314547429665	23.7606046070411	72.4891168596274
ENSG00000144339	4.80365684255062	203.55819288863	8.47914835534541	669.463275601853	4892.40266442438	7972.42665963832	21.4939223357739
ENSG00000112280	1	13.4681356385887	102.658688998106	3.13915743061086	179.328714662385	56.1495874484004	1
ENSG00000135925	1	4.80586745127259	1.22453754891779	85.637812807132	26.3207775919465	1	5.22666896767072
ENSG00000018280	2.11161165536445	1.22453754891779	3.05222961290983	52.1063213013318	9.19492093814134	39.2573631803804	2404.24947630029
ENSG00000115414	37411.4121265994	120.54533766736	503.377545241087	514.100268233696	156.712588551423	109.3182343071	258.225303659683
ENSG00000163273	1	307.987675784475	8.07109101232705	5.45436127313972	6.05239456601627	34.6244086048361	1
ENSG00000171551	6.95915482604058	1344.35232817065	9.77843094648611	12.0898271141055	4.14602413787022	1	2.12378599665382
ENSG00000152128	32.6450124561893	2636.45089343748	76.7346709097613	1435.48734840197	9149.94841983451	3888.9236645915	118.446535428732
ENSG00000090104	3.14537465631021	1.25637298942124	3.68807791507911	457.894226368022	15.7669407569482	71.428407618891	3486.08991195904
ENSG00000080293	3.57545016677686	46.8232372130306	380.233593426875	1.44021551531743	1	1	5.90207587110732
ENSG00000159173	2.66946423723576	1.06826673800486	2.64526850636326	3.41697193433057	190.81598880379	421.198422055114	4.83004140518202
ENSG00000158715	1.44021551531743	2.60759652393347	1	3.89026126931131	291.795141409092	1378.15262292408	228.414267326716
ENSG00000117266	2.46715317905133	19.4877996839946	1	10.0450067287079	2130.00981600175	2333.07660097522	319.248932056096
ENSG00000163531	19.8689748117301	9636.93144731188	773.163572660798	2861.19933988732	96444.8973026041	26904.6237178824	145.303647489242
ENSG00000135842	4401.35616145338	7.92107195779163	43.7070385048411	9.17798204024296	15.2517352644247	8.13279566152127	140.23426156097
ENSG00000162779	3.34110675394487	1.3331682577403	64.9145051660739	1	1	1	1
ENSG00000196660	107.966877647916	281.173558209837	5747.35456594859	66.1144098939594	8.13674763217574	36.23930470877	22.0346254624011
ENSG00000244682	1.44021551531743	1.83473211861788	1	67.1846332297039	5.57352987547153	33.9624867451098	1850.41193014728
ENSG00000077943	53.5752165293965	130.348859224971	3.16344896834983	340.916557524478	48.4373931187337	1	1.83473211861788
ENSG00000065675	11.8946523425964	60.6314485968517	1	2840.62470771157	2908.36843955266	1795.66017683244	182.4734549542
ENSG00000136750	16.8477373240874	1737.92825429499	118.388396167312	18.5033003660615	7.22227588886544	36.062861803712	6.98317498387439
ENSG00000136542	1	1	1	2.15741107919674	287.139331005808	786.443666476714	1
ENSG00000136541	1	1.61203426022291	1	15.0217691189673	3112.92775910435	6951.05302082978	1
ENSG00000130720	5.16152487081113	508.505357052095	5.99694238685424	31.0343194805271	5.32276988634251	4.14392076162435	6.2765590921696
ENSG00000148180	40.2810055232931	52.4561378351913	118.775180942692	2992.57196195492	21853.1698125403	46143.6199576866	343.180759199189
ENSG00000106852	65.4706694525254	1002.43547193962	4.08752431104508	2.17631915372612	2.49838722109677	13.0849394614944	5.98194167097921
ENSG00000187796	1.84600868746045	4.50354239815426	6.11516495412127	34.3352284291657	5.57795645592256	10.0513998879438	1267.10752599369
ENSG00000186193	34.0106730219855	45.7109447522657	256.854039019864	1714.01099416864	237.424539379207	24.7232683122527	15.4023621449599
ENSG00000125637	3.52097795072299	12.3436393794658	2.00665386958228	14.1172190756367	2.7403211345401	3.2696940888531	1024.59629349607
ENSG00000248672	4168.07304617314	7.98957100626664	35.5958602642374	6.60320677609446	1	1	10.8779655047443
ENSG00000115339	1	4.05973634007561	1	178.232244672168	47.3822020308872	1	21.6106061963115
ENSG00000071967	16.0858156390228	58.778149999987	1172.44730175031	29.9527708316992	5.80602347761934	9.33735214310882	8.3071625832791
ENSG00000007372	7.00345880464746	358.586973592607	1469.70103798026	44.1074611221092	14.6193032105631	22.8283488486895	9.64467134709222
ENSG00000149090	4.29418860458652	46.3389902820965	1976.93326525911	154.040011863095	33.1889697991557	44.221089253315	44.6973734650522
ENSG00000128917	6152.23675805842	60.1493543897398	84.1207654583792	7.34313732576727	9.18181700245265	15.1926059553849	51.0446815200252
ENSG00000088827	1	1.15926294193682	1	10.0526456212046	1.70782625781268	2.11161165536445	403.220137327083
ENSG00000172005	955.564926932435	1.06826673800486	15.9165380029347	86.8506085354787	34412.2775411006	62292.4461404478	67.7295012416509
ENSG00000125538	5.00120423692538	3.75428913686382	1.20385459549474	10.6931198920443	1	1	780.798649681109
ENSG00000115008	7.11493762095803	6.7521335875925	8.96486274631368	608.631627155065	7.43214407955652	43.8153316211943	5481.08143079437
ENSG00000125820	1	16.9390332941286	167.040771316761	579.069028643546	1245.66882311694	435.42624296338	2.93839420734693
ENSG00000125810	16176.6815901817	62.2423444192544	118.126914237746	11.8657285192686	3.08076243540556	11.6479451278452	75.5440791420522
ENSG00000101276	449.310040597815	1.51492421273849	2.63753491477282	2.47670334410331	1	2.12378599665382	14.2691776723756
ENSG00000101306	1	2.03858671411262	75.6964829886395	1	1	1	1
ENSG00000101331	1018.94841567477	3.46241900171127	14.7489584858604	4.34425578236354	3.35995913931999	5.57308371782452	21.6320747733934
ENSG00000104435	506.83108809465	15695.0090172404	71.829205345771	172.697352588753	46.2537392027822	408.081882668428	219.38212774342
ENSG00000124205	531.765322937678	1.63294042817559	4.56676799983201	225.140316115202	3.48260447454598	5.02147455664953	13.5578367267207
ENSG00000092758	20.3222309013793	343.113540320884	1024.76973278578	2115.31447236483	10216.0223047104	2230.39898106323	52.8786319321644
ENSG00000101204	2.27494763393531	235.532389387777	26.4755267904571	2906.7553338462	517.042827526596	57.1854673717255	8.9181142162558
ENSG00000125510	8.12197744321591	808.585367616307	4.10431589372407	812.299154797869	178.625064913507	33.5036837951608	16.3722186461044
ENSG00000085276	1864.82277840569	5.04689639297126	22.101741272765	2.76233109328576	1	4.5120038349531	1
ENSG00000169908	3551.86607578442	5.84933971127255	42.2057614995022	10.5257328362423	1.70782625781268	19.1569620610093	23.7192521047815
ENSG00000196549	33.2276504142736	420.959267752	1.22453754891779	3.32073768304433	27.9472284246431	7.83750072135024	1.02537831932661
ENSG00000163661	5.4665356144291	36.868148565797	595.166422630263	2.76233109328576	4.02823646756763	1.02537831932661	1.02537831932661
ENSG00000116774	44.0003803433021	8.6104053077011	9.3536699910634	602.663098208005	56.4139634367981	206.567868704383	12635.0175538042
ENSG00000134198	1296.62269719736	517.496165785045	17.0377069666668	1163.7168278922	31194.0679003429	24548.75311284	27.7682615234486
ENSG00000134240	5129.62296233497	13.182664247633	169.780865872852	37.1751698555165	8.90244570233367	34.8741608130924	52.8037768708576
ENSG00000143028	1	5.73792840250657	137.018321136592	4.67228847890765	1	15.380181983469	2.14176391282754
ENSG00000168679	3178.15950503226	35.7002041269578	50.92408202733	21.2215100633617	13.7648417724002	6.3701842613504	6.4920663269317
ENSG00000060718	4.34274961777528	1417.58378501894	290.958940725809	1021.42962037918	281.843519012256	12.3015391380065	1
ENSG00000138653	1.56643835426486	362.032323612987	1.83473211861788	6.48179698479288	19.4389718706449	33.3192875684052	1
ENSG00000137462	47.329074399658	2.78870853543457	5.05915729076751	75.9163160848305	8.67887397573479	14.4254739089228	4926.32751242891
ENSG00000198400	1	169.286287105306	1	1	2.56429191842529	1	1
ENSG00000117525	31.7641405641111	149.77687241882	5021.79666356976	854.862065936739	144.848858769696	75.7924065254111	61.2963688092713
ENSG00000116761	16.5298530608977	18.7043990989666	588.137574959322	19.9686661770252	7.11839775853863	14.9948075166033	15.6513044623112
ENSG00000142871	10276.3059939871	724.49636083484	27731.7573800108	1655.06915528021	165.923359241231	65.5099503919283	794.870213158504
ENSG00000171502	1.49887574980273	413.51734027849	4.25812840997544	43.8535398669866	14.4942891715519	1	1
ENSG00000156103	2.56429191842529	612.835627259087	143.783879253094	1994.40239230815	329.01511942173	59.5323816033086	2.12378599665382
ENSG00000078725	16.659476323591	632.464052790425	11.7931534635566	3216.30616261702	1234.96024446511	144.134818065282	74.2302571927873
ENSG00000041982	90.3636518759807	1190.43947414915	16242.2566429884	25.2133837462276	3.72368860190533	20.3421255239508	43.8145328999399
ENSG00000162511	127.894099049944	37.3941442919138	41.9249463180814	2592.6010252978	162.55630165711	687.74206470481	56446.3200050746
ENSG00000028137	381.808819409213	5.03121515106579	1.79663029451939	71.2145037759249	4.76157273714833	15.7790334132818	5449.92527609733
ENSG00000119535	11.952988352673	2.30102685476436	4.56728716669307	252.924590273855	13.6381308130979	61.3837740297711	6704.4184340598
ENSG00000019991	3.10903994755193	25.9460366867282	1406.75971277918	20.4551542532564	1.62056718045821	2.51527072210681	8.51704092234327
ENSG00000117115	4.77169575485175	11.6058302121184	130.299395176187	70.7213761124873	1415.2972747103	2717.23951824671	288.849493585173
ENSG00000142583	1	4.97852823474361	8.54013297366158	270.861918469786	27.0819555081172	92.2048224893972	8180.40514747493
ENSG00000164867	5036.17954496345	24.134047736458	57.5854863326126	13.3137163151696	5.75229856339908	9.00292783429226	62.4212660614813
ENSG00000171819	1	1.2613126394789	1.83473211861788	21.953056494875	5.89064147379574	8.08693088851017	891.473289709712
ENSG00000078900	9.43233025306888	6504.63335196817	12.3920068909957	2.03376300094576	1	1	1
ENSG00000184985	30.4319853263103	338.447418205534	5469.55661836481	178.329255439376	52.7159909397512	118.434493979855	84.8553323265647
ENSG00000163995	9.47479711594087	362.560110750529	21.9678389643725	27.8252996993353	2114.06871805893	1766.0866398152	124.036434174888
ENSG00000152953	1.94369084002071	918.773216553147	1	38.9297623918265	24.3308521900704	144.793446088437	3.43221119504427
ENSG00000157851	27.5730699010288	10564.1717297408	67.2884240296503	58.0600026968447	170.622996289262	506.800476241683	86.5171420545074
ENSG00000168421	9.39546059071637	1.22453754891779	2.69111213395494	48.2968064886389	2.01696773431461	18.2867252243966	2437.8435406234
ENSG00000145248	4.07803325334233	318.397446601738	1.62056718045821	3.05073073526037	1	1	1
ENSG00000072201	54.8351763006602	281.087787896354	193.692624880897	2509.17509724163	364.385120526256	45.6780481770466	33.797632478183
ENSG00000134853	49.4397573677574	854.378355349201	10.0996831296628	96444.8973026041	8769.45308087124	156.038807431562	43.8626974422391
ENSG00000138669	1	20.1652145908852	1	373.399788120606	90.1335339497378	18.3501099098188	14.9772239161517
ENSG00000100122	3.42969640444716	7.6447898208852	13.927333288499	205.882236233476	33.284211526272	153.178887367302	7607.78634943599
ENSG00000089250	35.8069403287135	3792.36575413907	3.35682502139031	8.60734672262828	2.49838722109677	29.3551440987831	11.4537450835055
ENSG00000089116	1	1134.25426289009	1.44021551531743	1	1	1	1
ENSG00000102755	26220.3123253086	50.4194197030067	155.549847386114	38.5557936936145	8.66318293557112	33.0917521587289	90.1726990677101
ENSG00000164692	215.955113803721	93.043736315385	488.170200180741	3009.57551760015	20.0145652429363	74.2283385277665	96.606533799009
ENSG00000006377	1	167.95462833139	2.01696773431461	1.49887574980273	3.7294296986418	6.8404023999888	1
ENSG00000105880	1	273.063560492389	1.44021551531743	1	1	1	1
ENSG00000158560	185.621170486688	4364.04823732601	10.5830575768217	59.1767967875076	42.2572350026751	169.084934897045	60.3182670585431
ENSG00000122585	22.8069402565595	6356.03403082683	4.37467526907751	71.8644911472678	21.9426924565353	55.4429679182563	29.0136291306656
ENSG00000059377	6.02814190065929	10.2054600776701	6.6799294392516	69.0957770975385	13.0646478231501	46.5045704865387	3135.20672538031
ENSG00000115353	1	332.996429972129	18.2017311438152	2.41099799753025	4.24885953831937	1.02537831932661	1
ENSG00000169704	9.52474978072341	1	1.22453754891779	13.6744227584122	2.14176391282754	21.7875245682783	996.149325239523
ENSG00000144908	31.3560526804811	358.076040341001	8911.59158265541	260.200861387274	36.3883188831514	283.543042665046	229.667065786032
ENSG00000134115	4.36812793710189	116.04073242229	44.1922157431195	565.045691236537	264.327729981143	7.43756475010367	9.49609706469614
ENSG00000010379	25.1032417857256	9.39696019889398	1	259.981494215902	1.05075663865322	7.48089804750138	35.4749179312511
ENSG00000175899	4.46162579967369	28.4897767051674	957.444584363981	22.5801500033937	1.05075663865322	6.46336950569432	1.09364505733147
ENSG00000111729	1.05075663865322	1.14044334488214	1	30.4535715045656	5.12891555810873	18.9005025117001	793.488346969325
ENSG00000139155	50213.1163883309	419.5118463769	17961.9819211832	462.340524196134	14.9749087250004	240.444295027882	224.806421113256
ENSG00000084453	9245.03087757615	8.7605321319577	45.7798952058961	20.1422018302375	1.74864295798906	18.450334445287	24.098261960799
ENSG00000132164	73.7009282224645	1870.08172637199	33908.351945741	1551.90224471088	382.521564121758	702.73955562563	352.235264525773
ENSG00000008438	4905.11823960011	10.8507836501896	31.7947706475109	8.36332324573304	3.34524020617276	16.5688623095613	95.4721633783154
ENSG00000168995	1.02537831932661	1.14044334488214	1	18.2319563411242	2.14916431598043	16.0759689510165	1108.36703824525
ENSG00000130876	17.8985621967738	1066.80041506	11026.2223647828	766.708004392079	156.938124888283	159.616171566271	156.884137826262
ENSG00000091664	14.735039323718	4253.69844546507	5.28627734245754	3.68645907004072	1.208710082887	6.78115741238434	1.38380049085461
ENSG00000185551	188.660130534199	1734.5096743295	94.4421661929679	39.110066896275	15.8975483080399	10.5776798112463	4.75371363446612
ENSG00000011600	17.9960532733114	15.6232218357504	7.11852665940587	427.808500730781	56.8164765854758	271.126721616899	10048.151477302
ENSG00000157766	2.23887396031196	37.7283652478934	13.9937399352136	795.463647194866	216.38111356259	5.30632076627497	1.49267922288122
ENSG00000140600	9.4846576013205	465.483323103585	8.61020105475977	573.810840296039	4384.99993000434	8302.21213303455	43.4758359604456
ENSG00000103489	43.4782640094883	436.152507890665	3408.03682892039	12830.1562418222	2949.85837700439	132.74167646796	63.2670638594754
ENSG00000021300	37.7837898268807	124.164841370839	394.753570594942	3977.71822614797	21574.4035397556	39556.2296782512	234.665712263931
ENSG00000103522	4.86545251473287	1	1.05075663865322	60.2169536495126	4.21257099642507	26.5243739050626	2233.09464155204
ENSG00000158865	6.51781243252485	2.61891789041267	7.34398349839365	8.36849152245312	28.1022320055962	259.016991453072	4.79143409401012
ENSG00000169896	2.61904659057556	4.67987107582457	2.68074080607834	386.979413503566	45.1247946652432	137.675647799781	5214.01008606119
ENSG00000140678	1.64594549978482	1.02537831932661	1.02537831932661	7.93635688159785	1.09364505733147	1.28983496034258	421.012366464835
ENSG00000104894	12.1933378576502	3.11895440155498	4.10442620747098	130.172552483271	15.7012747168211	71.949352598411	5058.0870675831
ENSG00000091262	1288.94185891625	11.5320293740977	11.5557318063887	1.48103221549381	1.16537678548928	6.09788126704431	15.8874035691632
ENSG00000154493	1.38544982571633	1.05075663865322	1.16537678548928	4.6063904711998	64.3581101247067	414.17182277818	9.71868037794957
ENSG00000166436	8.73406591198633	1603.12377327187	25.6103135472624	13.6049349638588	16.0898664369557	19.2124941717269	11.5416206072232
ENSG00000130598	1	1.02537831932661	1.54474802912664	1.92815320980197	1.77985379624893	1	410.9956883093
ENSG00000122122	4.54791561445689	3.00450743374271	2.03376300094576	37.4377945510611	6.76839255803442	31.9009736948803	2346.73711751974
ENSG00000134594	6.10023741624002	106.003153720953	46.8251273577455	69.2873826633474	1351.48116822115	1813.57911148948	10.4216967801464
ENSG00000076716	65.7278101185332	58.9839957939894	725.011870969457	54.9003638259939	13.4460106131137	8.61710640264504	3.31986188684615
ENSG00000017483	7489.9509181598	17.3628804560403	56.9541842705541	7.37829957803983	1	7.06715573792235	33.6681294641939
ENSG00000078596	36379.9069289839	415.873404226017	175.787403570696	287.202856846694	397.384880125344	185.477165286026	143.552219866247
ENSG00000101938	4.54791561445689	96.7409966845852	3290.406748428	200.602998928174	33.5329046322492	49.4289857731582	14.2322778471789
ENSG00000077279	12.014756147999	9281.21932899039	33.6073950291785	1655.14291037917	501.969805212912	210.32240054448	17.9613476023822
ENSG00000147168	893.898531693575	1.14044334488214	5.30542082135026	4.67387441577304	1	7.12370558380675	66.513022053092
ENSG00000198753	6.02814190065929	36.8197371116307	14.3710144552405	1864.9452024291	20935.3273144676	7729.09871162875	327.402170882722
ENSG00000198910	19.1928042574767	7142.72676594271	21.4181356412589	276.813172864605	119.026529853055	63.1185067586005	54.5241846475195
ENSG00000123560	15.804295899101	186.27602720588	132.758191405766	2235.89397273526	167329.655605908	181822.773726728	326.133209940268
ENSG00000091879	3576.49067821325	7.81195912107513	19.1686194069399	39.1253582387698	15.8267558803474	3.2696940888531	11.5849205519575
ENSG00000156675	864.468362443111	3.24757199330765	6.04307327776068	6.31900963070249	3.83676432191607	2.14176391282754	65.3874105149227
ENSG00000003989	72.9717230617346	132.792117631289	4115.52778280711	357.927123127891	63.0657086520989	27.8369511763851	25.1847425067465
ENSG00000167208	9.46605861146316	1.09711004748442	2.24150528323239	23.7229295621609	6.34480594202379	7.19885673439435	1199.43866838426
ENSG00000102934	798.481100166024	77.9629674924836	12.2636291601527	10441.3156765115	12175.2323403364	11937.8418047533	71.5055717570344
ENSG00000179776	10133.3566874801	23.7003797255144	86.161361446489	33.1856871016304	1	12.5400457039115	92.3671551995976
ENSG00000123901	1	248.471644353487	1.44021551531743	6.90063203839495	2.51527072210681	7.8380758982822	9.55906838822215
ENSG00000214376	1	128.90292107317	4.431514859718	142.260027543268	38.5617125993292	1	1
ENSG00000183196	1	4.03144509747662	1.44021551531743	343.924993634994	156.796622189217	14.7307463671359	1
ENSG00000170962	1020.45539065176	1.86708919974949	49.8466720083796	4.25812840997544	1.56643835426486	1	1
ENSG00000043039	1	10.3382747016452	1.64407011081217	38.0739607763669	343.071198660355	658.006427462489	13.2291230962982
ENSG00000120457	3.72232804916495	737.102098457376	1.20385459549474	3.59761721979089	1	1	1
ENSG00000109846	130.445212805328	286.651404376522	82.1535140823074	422.222964900457	3681.48283970865	12101.9886057079	160.672005357121
ENSG00000110324	7.43407280409718	1.09711004748442	6.35631213098672	323.429848272683	11.0512349121372	54.2876167712247	8365.09381911065
ENSG00000154133	4402.72877844425	20.9624421127123	49.7820746068844	11.0136282850271	1.56643835426486	7.6052064491502	47.1227823452237
ENSG00000105088	18.0906701762165	1334.77794957032	91.1747801399514	5890.27563181371	889.735193321677	133.918950864903	70.5517621995314
ENSG00000112175	66.3464177540597	511.925163029518	1.20385459549474	9.34429444532443	1	3.48260447454598	2.11161165536445
ENSG00000103569	3.05661137856958	5.57352987547153	237.589228407033	4.48061101804413	1	4.37467526907751	2.11161165536445
ENSG00000128849	3944.60667678128	12.9087938734252	74.5075056871526	40.9439175294926	4.95856459217309	10.3699480116203	13.4836400352835
ENSG00000166682	1.05075663865322	3.60999887646122	10.1498967576766	3.48260447454598	195.496082800536	118.645527562488	1.09364505733147
ENSG00000166736	1.05075663865322	94.7893990199413	1	1.02537831932661	1.05075663865322	1.1777735651071	1.09364505733147
ENSG00000166426	3.72349613227248	188.794439775645	1	1.02537831932661	1.05075663865322	1.208710082887	3.53318151668613
ENSG00000273025	6.04355048875147	1344.88709517604	5.10426123166441	13.6863747424214	9.02342412494298	21.9733775936963	23.5875125093036
ENSG00000137868	3275.90516150767	89.0764225238036	10.8481021182382	5.19084178095666	1.05075663865322	2.67884226692935	9.49609706469614
ENSG00000129038	12.097952354437	23.1074430001086	299.370313120274	31.9066545895807	1.05075663865322	12.1169412202367	2.32917626593488
ENSG00000138622	4.43485793761547	801.88894043117	5.85183789533827	10.0668673138671	8.97060395459544	3.82079864938975	1.09364505733147
ENSG00000152977	177.66636005093	2481.00898877052	270.102366508183	80.2600764960639	9.63578857125642	7.43756475010367	8.03417041196577
ENSG00000163508	3.28352782565509	119.410998628479	3.94234008433468	1.21810323218477	1.05075663865322	1.208710082887	1.1379267476608
ENSG00000158258	30.5065185011095	5781.86995077343	7.77017808772122	82.7666671443031	50.0538511373755	27.2895602409585	24.5785927671404
ENSG00000114646	89.2752592995598	3197.48861214738	17912.7132219733	42298.569881788	4811.6442641088	1033.32114012475	470.069258126375
ENSG00000168314	3.31986188684615	2.74158925875844	4.2820063593968	981.841709991805	116957.393811485	167329.655605908	458.28957456607
ENSG00000091513	115.144893417341	1	2.34965633135637	20.5153769777502	518.19608480969	3296.56719507903	1192.65276483798
ENSG00000170819	2.58173221944493	3.24167954120743	11.8206030598657	26.066148408303	225.713847422753	190.313140785933	1.05075663865322
ENSG00000162711	3.26554990948137	2.20305416159701	3.72232804916495	132.846691769413	3.74906692123194	22.139152474823	3727.48079832782
ENSG00000135362	544.724469103503	4.23835082389278	22.9923493075186	18.8314492787193	762.267243089376	3328.30634688301	189.394982659837
ENSG00000174607	3.24757199330765	65.1354962156186	9.32896021621218	2764.75506912424	25254.1810740453	23170.8885149801	10.1671420301099
ENSG00000173546	432.761359206214	948.034027948434	140.900178108395	21099.7799367975	3195.7583789908	92.4709934417288	50.9373602830923
ENSG00000100146	1.44021551531743	94.1016772759393	1	8729.80117393625	6434.24556981679	6063.24934151669	36.6208285664997
ENSG00000072182	3.24573011614813	459.141447006068	4.09773016972017	1524.70903739677	397.210658853745	20.2559552027128	16.7675454943947
ENSG00000129596	102.313003661243	246.41143773473	634.984289700061	4883.66685926164	607.105373915911	45.7197037921076	13.1449643042416
ENSG00000150048	680.995461337286	5.00120423692538	4.05029748285173	38.3102858048309	10.9294165435405	1	1
ENSG00000066056	12940.3442420696	30.730011800988	87.2816262270196	11.6659430171054	1.83473211861788	26.5526398024936	158.496619625944
ENSG00000165072	6.45429604624627	6.26487264690548	317.732482175802	7.22092379094768	1	4.88115784050237	4.38112883695288
ENSG00000128340	11.3119373811986	8.38457000842045	1.19272491285816	94.1738422468675	17.5420766242819	71.0496747027534	3202.28897282628
ENSG00000188641	1.79663029451939	20.3471961375414	24.135236199388	531.131845129129	186.271996226629	57.5854863326126	7.32770998819236
ENSG00000117598	9.63571552698393	440.54160736736	150.712800518965	5029.57685904421	1321.677641695	281.982396805831	3.2696940888531
ENSG00000099260	4657.19230851753	578.512771320611	24.7861514586298	34.6227793751981	7.14096582556767	4.05746881047901	11.954509253132
ENSG00000050327	1639.12234992594	3.76156078197022	50.8963364567458	8.79291633457532	2.90736869436876	2.03376300094576	50.8584290134861
ENSG00000103089	1	5.26881497942063	1.14044334488214	506.450701884261	6575.37435517509	15470.9027965776	7.03126682600143
ENSG00000168481	6.08137389517622	71.0785062314497	116.896851578104	158.895561129908	12198.0093667018	14333.4779812914	146.723134926311
ENSG00000196139	1560.71093988313	2.56426322653575	6.94235955940942	1.77985379624893	1	1	1
ENSG00000147488	1.84600868746045	166.191803658671	1.70782625781268	5.16152487081113	943.973114692047	620.385412629132	1
ENSG00000204099	2.48600556442645	24.2175989026016	1.22453754891779	8927.50197153244	7280.64325711612	599.52868482674	18.2017311438152
ENSG00000171509	1.4597356097887	191.41206090888	2.31651090951199	2.01696773431461	1.83473211861788	4.69935215748177	3.48412091336594
ENSG00000141968	3.53052456608011	5.1996696238946	3.60999887646122	201.899055127133	14.2484272314683	77.7060600642973	6318.85575192408
ENSG00000186998	45.323433085768	130.785306944569	1053.13057301224	5253.69808072382	980.907218070847	37.9510990958624	24.0336891580513
ENSG00000108375	1	11.0381744365253	36.8831410297215	1470.58480143158	573.228002490156	162.805565617629	16.6789582066787
ENSG00000119686	2606.05904684228	8.22725582268081	36.5805772671983	12.7107006326271	5.07443654479362	18.4303072636788	34.0938029749235
ENSG00000156127	53.9512515337127	1.16537678548928	1.2613126394789	3.72806270698134	1	1	873.212893474654
ENSG00000080854	1	244.482754673607	1.70782625781268	302.942199794952	800.352737841272	171.040786149049	1
ENSG00000151952	1.4597356097887	64.7005286180859	1.19272491285816	953.791830531947	536.002605943311	59.6413962834094	25.4966373481581
ENSG00000143032	1	130.674758620533	1.70782625781268	1	1	1	1
ENSG00000100078	6.2218667243667	120.458728808196	2904.72458725576	15.9229539561656	53.1199913698191	116.097547967173	9.55906838822215
ENSG00000175928	27.6408317108202	345.640045622532	116.172119135977	5975.16814159418	3637.37733450663	4195.02025173435	1
ENSG00000167850	4.62034797774806	1.98496354444407	4.82397820044164	58.7042482664515	3.33311933971465	15.7680517265308	3383.57833762525
ENSG00000138759	7.17504862209017	47.9242814142727	595.403608885772	35.5049906481326	15.5299138605582	5.15947337803241	3.2696940888531
ENSG00000163072	2577.14139505859	1.58065886019956	11.1938148230794	2.72479399212728	1	6.08660947328528	11.2308516501345
ENSG00000060558	2.47670334410331	3.14902917341043	1	44.0075887210379	3.02962486031564	16.92685108827	3237.8729972208
ENSG00000130307	2726.58590987948	11.3039129159876	22.347237231791	4.91903142019848	1	5.03242390390062	17.9948068010354
ENSG00000250641	1	1	1	1	31.2454286018397	95.5377937979816	1.70782625781268
ENSG00000102445	2.26090952793001	1.15926294193682	3.81873763664888	8.03467364953523	2.82099590630254	1	535.292227921698
ENSG00000197635	601.837046145047	4.20284458019415	4.2820063593968	6.57012878559106	2.88647255474009	1.02537831932661	10.490827455235
ENSG00000136535	13.6349083568856	1862.78071546549	8.31984370084072	24.0336891580513	11.1541929769798	73.9970305082049	61.5102788283983
ENSG00000162670	3.68807791507911	179.318461261208	143.486495866125	2391.8021435612	674.289117961452	49.5712499160535	17.2889884205588
ENSG00000151572	32.8619300258457	98.1415469233205	4.00403413094585	215.836684691655	797.599723883877	1212.88126178734	1
ENSG00000108688	1.38544982571633	3.622215482888	1.9422203128984	9.0738867738366	1.64407011081217	5.09767384984608	861.482104425484
ENSG00000139874	2.91145990678466	205.230940626655	4.40750627910169	1462.54762890596	315.781372308923	14.1900276707397	3.28495157242379
ENSG00000137142	3.32893861856189	1228.73501581251	13.8078581600147	7.62359815845438	4.85556130221706	20.5129465542717	1.66475306423522
ENSG00000183960	1.23755339236655	22.6425468827409	5.59915597631011	171.059713017187	46.0777900396787	2.22006931156636	1.66475306423522
ENSG00000166006	2.28220725770968	1167.49315516644	16.6976288673293	48.4111905300758	15.9060033589261	18.4415828956703	47.7074855916022
ENSG00000180448	23.8839764137653	4.86259510349689	4.81195814497615	242.443132411649	19.6344969034699	86.5410516496173	6663.42910614086
ENSG00000100427	76.563705744515	516.554180912544	12144.8967338928	1032.05016477013	45.2926762763347	677.645387541698	538.263974173375
ENSG00000067715	76.7042383411357	11564.1732792537	42.1308476482312	479.800302380508	94.1067457431853	443.529418665264	184.73572135187
ENSG00000111058	319.33283276185	1.49887574980273	5.71520703378598	2.52376554042338	2.23887396031196	1.71247524340233	1.38380049085461
ENSG00000197859	4368.73367397824	44.9915971057341	31.4447672370676	12.5714762447108	4.96861003897242	20.9882165381901	260.286092061465
ENSG00000124920	8.22705711750249	24.3756003286957	35.6697070440223	626.803804107404	18110.4834367572	13331.8303310995	31.5625276831603
ENSG00000165694	1	12.0166336098126	1	65.6675670918104	26.0408080383365	1	1
ENSG00000198963	9.30376149339864	49.3319739818668	1133.69457178406	106.007009108299	35.4335339856216	17.3087124181312	8.46057145727188
ENSG00000165966	2.71996226235399	82.4723538355221	18.450334445287	352.175700848541	105.406673665578	6.82115701885266	4.0237668997424
ENSG00000139971	19.3931274161432	132.496540927465	14.1215033375931	3056.90611829661	1142.32342686803	247.073535355642	7.79042044023648
ENSG00000181631	2.48600556442645	3.9228199898634	4.41881464754638	478.478281002116	28.594359587771	122.487900982955	6560.99506459651
ENSG00000139329	5.48817429101843	3.31986188684615	1.22453754891779	179.749376249368	1.4597356097887	3.29309402478793	1
ENSG00000157890	60.1676899540211	218.368444269755	42.8160319768556	4543.21928959424	1058.26970437781	30.2095708642241	45.8103949956666
ENSG00000237412	3.59407802311032	51.121274499688	4480.54821538876	429.828314222944	25.9460366867282	312.393907237569	272.49369285135
ENSG00000125355	42.0838776552017	1228.65334053769	116.441341161078	2161.24238908375	408.184003544944	38.5528559548859	12.3448933344809
ENSG00000150394	4.35655804943952	268.037494852202	4.26068454592215	6.99321771495185	1.4597356097887	9.52664626218053	1
ENSG00000196208	1.4597356097887	9.35685673391871	259.2426858481	13.5234619029126	5.9942054966503	1	1
ENSG00000105695	3.42969640444716	15.9503818485231	10.7510596439391	139.267632635225	58643.643272239	56059.2425237041	772.76741282847
ENSG00000166707	23.5680730602126	3530.81316503606	59.6005829285513	367.096062469291	258.108273528365	59.8690443126291	9.00230280306043
ENSG00000169427	1	284.493088580972	1	3.63321816312435	1	3.31986188684615	1
ENSG00000175497	20.0510362270029	835.832392080122	3.08772035950954	1123.33492247153	315.09825633732	51.2870490914945	18.1481142549058
ENSG00000173372	9.3776250870937	28.0056697347152	37.695218913512	1680.56625367434	141.145898401979	649.606280622802	70097.1317229905
ENSG00000159189	5.1973833558863	21.336475172484	18.8304305858805	816.430055018852	70.9111375380075	302.043517980339	21807.9512123422
ENSG00000173369	12.6416250347898	22.3403361943753	15.8785110071541	925.958794491644	78.3735118761776	347.984094942684	24120.3356737341
ENSG00000144119	1.4597356097887	32.7580846048621	3.08772035950954	375.936210600931	63.5966263499892	11.7349729307722	4.08752431104508
ENSG00000148482	24.2462598768083	78.2266482890279	5320.82923334017	455.441114631269	12.4636375396406	212.30145073906	290.683677858313
ENSG00000150893	228.298442093928	88.4792905158793	2000.28729782558	10.2443165613409	10.948347893321	6.74055119201055	12.4957416500091
ENSG00000142661	3.68807791507911	8.98247212824021	360.508953232177	13.2771979966844	2.62111236074922	24.424453517513	5.52537308030698
ENSG00000167641	44.0312051558386	1.97517546350002	2.26090952793001	6.2765590921696	572.178717798708	3764.77140233704	6.40413880318925
ENSG00000151655	2.58173221944493	1.32164759640221	1.22453754891779	45.2955123398996	1.02537831932661	3.89908597576735	2.16714223215415
ENSG00000139629	3.94042906730436	2.16756186760138	1	17.7205086233019	761.73082811242	2322.67095733642	794.18036798358
ENSG00000147113	661.509600391048	1	2.29550604432212	1.4597356097887	1	1	1
ENSG00000112299	3.31986188684615	1.83473211861788	86.8271341685803	1	1	1.02537831932661	1
ENSG00000107593	1.05075663865322	1.48793769448454	1.66475306423522	1.02537831932661	28.2482004124549	146.660177997759	1.09364505733147
ENSG00000197584	7.1864859210933	215.57344734963	1.02537831932661	15.5656095104872	11.2758281257462	1.25637298942124	1.16537678548928
ENSG00000013297	23.416683701073	19.563600868981	3.43194138534425	148.007372652869	48465.4393769526	53398.5514019714	62.7138337883129
ENSG00000183783	1.05075663865322	329.315102729609	3.35000284072469	18.8417691335004	19.8547957283375	6.88348725111092	1.16537678548928
ENSG00000130775	7.68549923555055	1.14044334488214	1.95513972805591	38.8762618395535	3.63264113525857	19.2331194220835	1738.41205788483
ENSG00000101438	17.8437204470817	1610.60221147449	5.2623748903617	19.1239546209355	4.06657879027344	64.972352215606	32.1621148924927
ENSG00000158163	30.0341934176964	224.565243064517	2051.72302444171	181.111656471982	64.9967329463013	10.0299041968411	16.0654907074557
ENSG00000126353	12.9922334184835	1.02537831932661	1.05075663865322	8.17708802468777	2.21003065083241	13.2831922196964	1303.90074186076
ENSG00000197653	29.1969432659984	31.6663252839512	37.9984026679549	5.9942054966503	531.402145815806	134.744153532623	13.4233195240788
ENSG00000127249	9.52474978072341	76.9622100980866	5620.54341759756	312.231889093422	51.855066367152	40.6917749981808	27.2034760283669
ENSG00000110002	14.406979090541	692.252345929652	2.9386027364142	81.0091329841908	25.8295908023906	4.56098872160796	1
ENSG00000074181	486.634110757777	171.777580448875	4555.96280357283	45.387768064587	10.6663520299861	67.3806451158693	62.1795427237791
ENSG00000262655	23.2988421017779	597.170766162571	1959.44474582492	7772.39589614285	2637.07406553816	187.274927196606	51.2617990687975
ENSG00000164303	4.26952911304653	8.03523516252853	1.79663029451939	19.2898267941849	14363.1908858651	3986.73169694873	2.56429191842529
ENSG00000074660	1770.97636177409	2.78882946734307	15.4869861688176	3.35682502139031	2.11161165536445	1	39.5116267520564
ENSG00000125965	1.54474802912664	806.019893795166	10.2167726978377	3.0524439186913	1	1	1
ENSG00000137273	1879.98064596736	7.60501122979178	19.1686194069399	20.666075342581	1	3.35682502139031	16.9050667248146
ENSG00000164379	2719.86478280459	10.6031762736048	29.6262736314136	8.1183616835993	1.49887574980273	5.71365004278061	17.2830966171127
ENSG00000135917	1285.80472129651	2.66853402578046	8.93466076714385	3.72806270698134	9.3947667117726	3.35682502139031	3.2696940888531
ENSG00000130513	197.012306951548	2.80626976836272	69.1309029942272	20.1035660194781	1.83473211861788	3.31986188684615	9536.44176214514
ENSG00000196376	18.3307134599135	1841.86780485358	614.660762458499	5032.36924587158	1478.30396633675	71.1745738177084	11.3736848951668
ENSG00000198121	41.3009382096529	11.4003930856735	91.9699896150589	59.8538099429392	3791.82413485374	7308.77857285783	23.0779698843314
ENSG00000146197	6.68338892031275	1819.66945864482	16.6335584978113	2.26090952793001	21.6315450598526	11.8340109430522	37.6450840796897
ENSG00000136383	3.59407802311032	20.3562143332816	212.605694505063	1	2.56429191842529	2.38078039098511	5.12221522307764
ENSG00000178078	1567.75072383185	8.01778999801456	17.2125799136619	5.85126133249146	7.03298248043431	11.3465161240915	23.2656112012822
ENSG00000117069	10.1729625520846	499.31646688168	4952.5045978956	56.2245938491695	8.53347839160262	31.9935761110923	13.8227373352608
ENSG00000162618	16406.591265991	17.6581313745413	61.7499052311613	15.067276094174	1	11.7828463897874	21.2540663244565
ENSG00000140522	31.5775125785454	247.610643999183	1284.72925952167	6420.96220397347	917.572486196759	84.301698984536	40.2009811914613
ENSG00000121858	602.546699549298	1.2721213334996	1.3331682577403	1	1	1	7.93348742408103
ENSG00000162817	5343.12004571535	23.684435106994	102.319336314319	21.8316775185632	8.10964643614303	24.0373401592932	50.4863750630974
ENSG00000144583	2.22509433050483	1354.74711685145	6.54102759179636	16.0352569127612	8.74597189629855	32.719545433911	22.8004900674749
ENSG00000142611	170.154001213447	48.1274381787548	1365.31491534746	7.64771769649875	1.83473211861788	15.5310011572831	10.8410301019423
ENSG00000174469	99.2492652839441	4643.89893135522	441.82654968535	30.4235759539916	9.36213895972666	44.3660508249692	9.06674277591999
ENSG00000198785	20.3611928108162	732.508509855899	557.628909168275	2722.02731855081	521.797437375503	54.1707468797782	11.6605774505479
ENSG00000205927	5.37887986897575	224.942119269358	2259.21697679594	9107.19362101285	4204.90223051692	2802.31947203518	28.0167042166153
ENSG00000170775	1.84826960269481	41.5028215303844	205.706880415957	30.5039292117648	4311.23693733299	10092.8926042097	21.9678389643725
ENSG00000169302	1.28088668976427	53.4170534036621	8.93074678957698	764.590967517137	226.616695293175	6.01233918849098	1.68427315870649
ENSG00000006071	3.99730529076954	396.574354404154	2.60149952261625	6.57012878559106	1.12248836681103	11.1035246778125	34.7952593971728
ENSG00000137801	56.5092013612002	116.867725299762	2520.89285445587	82.4805800920114	9.39984243934208	8.69719132094395	540.25890461133
ENSG00000010932	123.001625182072	67.5556101791491	3507.88501139489	87.350342847183	9.57731551392662	21.608876533905	27.6254526730147
ENSG00000153993	3.99730529076954	26.1796800357024	3.89908597576735	2268.19444043014	2328.83565290676	363.802805905292	1.16537678548928
ENSG00000182379	30.3900043895977	1368.29413792151	2.97649603144542	5.78004055849063	1.09364505733147	6.55898437106806	7.73961288275959
ENSG00000146122	197.247938559891	278.735207020935	18889.1696136405	230.35438427638	1512.19702119044	3668.69291664511	160.119979213503
ENSG00000138152	1.05075663865322	1	1.02537831932661	1.64594549978482	150.029327172057	402.587551421148	1.16537678548928
ENSG00000116299	6.12070913436311	3283.48545346025	5.65030950403164	16.4044196917118	6.15600166778662	18.4931850264662	20.8248642207292
ENSG00000162510	1.31852588387364	1.21810323218477	1.16537678548928	43.7652884647021	437.040596000604	46.8894319936774	6.81649882094028
ENSG00000171860	4.49858893421785	5.45657508170532	4.07527259520675	198.490643770258	7.73287354108761	31.4280235528129	4152.30853865984
ENSG00000085563	8600.17095989873	11.1816044434583	66.5423589357122	18.8695731777317	7.45681095510287	13.5225320673402	24.1874211004235
ENSG00000182240	51.4155888097482	4.37979177224705	27.006425172807	10.326345012157	735.176724339694	1309.10431626268	3.84675303180579
ENSG00000157554	2952.40944766317	8.88416362654544	28.9142654807465	5.90219234761648	1	5.63972251046494	5.39056399751155
ENSG00000162461	34.1264567918085	10.7250637453577	639.093411642598	14.103868952781	2.38078039098511	33.0851543585546	51.6252306115815
ENSG00000166091	17.5909140856542	33.9221967183591	962.123720801186	747.75712006752	3202.4214346751	8123.06654441942	129.187545618118
ENSG00000171385	9.5690966565199	1328.29605107594	1216.23097976864	2359.4475426492	515.912345743655	25.4213983305762	7.21160582200785
ENSG00000112486	1	1	1.94369084002071	39.404499915287	5.53353936786402	18.4567624957941	1001.28679075783
ENSG00000105409	165.392334398564	45382.9608010123	66.4082750512193	3271.98276075331	580.171290893717	1436.3490165152	907.261586808548
ENSG00000204516	266.337719170337	2.23684580983682	1	2.25257428693932	1	1	1
ENSG00000166265	2278.30024008907	3.48260447454598	15.0981791896737	2.87596761278903	1.4597356097887	1	9.91272396042142
ENSG00000180834	3.97201112885289	29.7057831065253	35.8551724160256	256.666634623757	3638.03303589224	5338.139273754	82.822622283258
ENSG00000148826	71.6825697056249	38.9516220800751	31.2899271412256	12.6661240688264	1060.43151619091	3521.12614708559	89.1945169828038
ENSG00000171840	1	1	2.12378599665382	54.3283673490322	117.249236069608	494.094536768142	1
ENSG00000184113	60316.8711229022	107.304681008576	168.083894344713	34.5398904836303	3.99677444219354	72.4251630101448	279.662032503637
ENSG00000160781	1.91947121957741	18.3910365805754	646.903013290486	10.7051857900918	7.81343795764474	41.1974984839575	7.29116864550263
ENSG00000173269	2978.74314551294	6.35029154845209	23.7324941840127	7.80007055726014	2.01696773431461	7.57549955273983	11.0896234947011
ENSG00000151062	1	2.90736869436876	40.0798617419117	5.85803101522694	116.723799452583	382.761243675914	5.02147455664953
ENSG00000140968	59.2579584173476	27.2037229694376	11.1971426169085	170.024608756899	8.47914835534541	50.1725555086954	8557.48595506012
ENSG00000241106	1	2.16531520958485	1	20.3786729274711	4.93997960738092	7.8380758982822	725.130071135962
ENSG00000188783	7.36852935383349	2.63879721331551	70.1948480704942	179.754506131659	2.5416871658311	6.86493602463627	19.3025350923507
ENSG00000163362	1	24.1415039821016	10.1281556419896	1329.33845160679	1149.63201688225	73.4382570632972	5.09819721980667
ENSG00000197971	24.8515290813618	372.513440235562	52.0267319876943	10774.0096791269	436043.470533476	436043.470533476	4472.70034574977
ENSG00000175785	1	35.3612815049225	6.15466176321116	3.53471601862994	354.224740525916	609.223814762043	1
ENSG00000204161	1.4597356097887	1	1	11.4439201014068	3.5586549001457	6.23711728283696	868.591032828157
ENSG00000159166	1	1.46559383464404	3.60999887646122	626.610225787093	211.227850326277	12.5706622849442	81.1111687095137
ENSG00000144355	8.39032698676656	3909.04847523276	25.2094430828526	13.5039340240069	9.64467134709222	35.5108230150302	15.1078160217949
ENSG00000244694	1	218.487809390745	622.847029328447	10.7401491901543	1.70782625781268	2.5896702377519	9.55100553821813
ENSG00000016082	1	98.2598318534425	1.22453754891779	1	1	1.02537831932661	1
ENSG00000101890	1	13.9947652252332	146.705576618798	293.497159588321	68.7812645243515	1.02537831932661	2.95166146849505
ENSG00000213949	2743.89262421724	15.998921707745	92.4301219787433	18.8565819343815	3.31986188684615	5.28798052033061	10.553811780878
ENSG00000064218	1	224.232458357289	1.66475306423522	28.5033062136189	5.80246636139213	1	1
ENSG00000189056	126.972837916909	291491.372632025	197.972977600904	42.3003108968832	12.9039019422901	41.8693523444483	16.7979947931563
ENSG00000144229	3.39323568548118	3753.63124336945	8.69370852578113	399.127835633828	100.635676784497	6.0955822301194	3.3630953351908
ENSG00000005981	2309.91131561799	16.3975202009665	18.2613995007756	2.19236761666188	1.63294042817559	4.96055031856989	4.34425578236354
ENSG00000149599	3.56067961688505	137.42624135184	200.164433142916	475.374458605128	4437.40978800657	2588.95219952616	21.9678389643725
ENSG00000144868	7.09836387098283	159.20376482748	95.7714798308934	164.032639793738	2280.27985938952	565.093863874857	15.3503618417476
ENSG00000135324	4.02768814465882	644.464102154778	1.16537678548928	2.27494763393531	2.20790429889216	2.61048740516718	10.2722976697155
ENSG00000133067	26.7675280424492	42.1025132576527	1889.69155381998	18.5774654310991	3.24002537734238	17.3212747552429	11.4695034860915
ENSG00000103241	535.14746733271	2.11407778179902	8.1183616835993	5.17749292657498	1.28983496034258	1.79097590318265	4.95125162650959
ENSG00000124570	1170.14088434154	1.21810323218477	17.4187864368929	2.6614019659097	1.28983496034258	6.24303545577217	6.33241309232345
ENSG00000198739	4.431514859718	72.4670812494715	7.78153294799962	1208.71642804004	378.659080318408	29.3639995015525	8.97915472325738
ENSG00000162460	6.62662655708374	6.37733069732516	424.73300418446	2.10850487494276	2.94574117421515	2.14176391282754	151.916366777235
ENSG00000124019	531.851346937465	1.22453754891779	1	1	1	1	1
ENSG00000179256	1	5.59915597631011	2.27087459730127	3.39774812529972	158.197983908573	595.553811787957	1
ENSG00000166448	37.010843334476	8586.60709442909	8.80518252207593	151.346099848603	39.2807885124107	106.966526920791	61.5433617629166
ENSG00000174948	1.83473211861788	310.851787594221	1	51.5629622997388	16.1211026834317	1	1
ENSG00000198835	1.44021551531743	8.75837207749426	7.67010384291145	12.2577327199324	4546.52567209034	7816.61802565169	15.8213506376411
ENSG00000176399	1	11.5849205519575	5.79533573809409	166.079121717921	73.3797708941731	22.2000314481977	1
ENSG00000121797	850.309691415488	6.22198321646049	41.326981509865	300.699907425572	42.3966637540739	86.3640165545855	20308.3172652798
ENSG00000163492	6031.62677830162	52.1659904485945	3215.5326468163	35.2801436840911	5.1973833558863	13.2590185962992	19.4042338109409
ENSG00000198673	6.94235955940942	505.518962781355	2.8316122544665	629.674984681791	166.906556230283	21.9259607330538	7.30551379275941
ENSG00000118432	16.5357684107615	4560.14800119937	631.268423831895	101.914796603456	21.1629529366639	40.7594776619748	10.5166770432266
ENSG00000134817	3715.82170311732	5.89298480816045	20.4662278074703	4.04860087409972	1.208710082887	10.6022134358938	29.2845210839597
ENSG00000249853	1.05075663865322	296.694629683912	1.02537831932661	12.6669162750264	8.64557763274383	4.91697518908291	1.1777735651071
ENSG00000265763	1.05075663865322	5.11225678552504	1.05075663865322	527.940571904963	1077.321454767	464.350747584199	7.45681095510287
ENSG00000144648	985.057230663898	3.75929674902678	5.99059648338031	2.33448882568571	5.48451353060282	13.2397668557687	7.67260960022425
ENSG00000196664	1.05075663865322	2.04234605364122	3.35000284072469	247.330999356633	11.1076050113287	37.342135584392	2846.77503934978
ENSG00000154262	1.90055117067084	4.1357974109566	4.11331849901888	155.634863057093	43.7960999042916	16.7358444516722	2.16756186760138
ENSG00000198774	1217.30029176396	2.28628784725662	4.33244185948016	1.12248836681103	1.34429794037688	2.22006931156636	4.83875826504268
ENSG00000180739	1.77985379624893	3.38534830454282	1	15.0748113417122	1381.48659810734	3485.90211288708	13.946501513565
ENSG00000134595	1	14.213660405187	113.18862008424	428.828168631374	163.721144293954	19.7630353228645	1.70782625781268
ENSG00000173366	1	1.65536755762062	1.49887574980273	64.8319625259125	3.9690745319395	18.5131207523162	3438.88763147308
ENSG00000119888	1	1.09364505733147	1.63294042817559	1.39706435750748	355.448180549804	46.9389139513323	1
ENSG00000152315	1	10.5908472398491	10.3694523091973	45.7630422036423	203.264759109801	1370.26373814091	1542.92344722433
ENSG00000168348	1.79663029451939	90.5321488404188	1	2.35576384514575	1	1	1
ENSG00000185477	3.09250811632991	238.634052393536	1.14044334488214	9.91768488322956	1.62056718045821	1	1
ENSG00000255398	1	1	1.19272491285816	2.72064513771872	1	1	612.790653636394
ENSG00000131094	1	108.207146485269	7.64574260855041	9058.9301710183	1918.97743314529	62.553067981177	31.7116823410552
ENSG00000169247	724.155642190192	1.16537678548928	7.30536040642699	13.1007021966054	132.931932221335	548.606126563964	2.38078039098511
ENSG00000188176	10.6476596900625	11.3847862049105	9.37078634531505	39.596041424789	130.143181741303	585.384445156594	1
ENSG00000169252	240.293893913953	3.57455792863904	10.138530820481	37.6885951433541	1	8.03110185019485	2577.92777162816
ENSG00000168081	2.40342644980941	459.631886002111	2.06078269577564	6.02248226507834	1	5.15947337803241	2.41099799753025
ENSG00000174576	11.4971609904699	5178.52449936022	89.9731720857991	42.9996270110282	21.2809191319876	28.9477252295609	26.4754191042943
ENSG00000176435	2482.94200070945	5.85126133249146	15.0042889094582	39.9563635962675	15.3898064108752	1	21.2875131690294
ENSG00000175535	1	6.87139562679729	1	435.51316617237	120.220028647841	1	2.11161165536445
ENSG00000184221	23.7755233270671	627.857128632011	3356.58606922226	51851.4768738205	24857.628292337	16256.4353951456	266.925299358207
ENSG00000122584	6.42426757489754	578.529493020692	6.77285644466702	4184.44807334118	737.897377445013	36.2094797992812	1
ENSG00000169291	1864.32972174202	4.78552627052574	20.8902860431419	8.39213108765075	2.01696773431461	5.02147455664953	7.41139738952126
ENSG00000183287	4.62569222473273	801.013147776118	1.20385459549474	52.481502290359	16.414774295815	1	1
ENSG00000168754	5.74306690373974	1	1	1.54474802912664	35.786671969251	204.708031538255	23.0449695918793
ENSG00000099337	26.6472367559966	1.64185807661106	1.77985379624893	64.5238615131367	5.14699949296892	19.5790654463967	2464.62404645678
ENSG00000203883	885.688546994611	5.13937991229466	6.5604529238214	4.24595406868606	1	10.2618531935311	48.3513663244572
ENSG00000163377	1	7.37953640766586	1.5618629579774	177.281916762931	30.5727327043606	1	1
ENSG00000179542	1	131.159672502863	2.69111213395494	191.986781881053	52.903118232713	7.94745685695969	1
ENSG00000120279	1554.30097600292	1.51331601381115	3.82561504338859	1.87016831678155	1.63294042817559	2.76233109328576	2.1480417731301
ENSG00000159261	1	1.02537831932661	1	2.56429191842529	317.580263727878	1041.45648797713	1
ENSG00000163121	194.556042953177	3.6255104645322	2.63753491477282	27.3633706748739	1	13.9979495635249	2055.41659084351
ENSG00000071991	1	1	13.798745460422	10.6096717403913	120.028807899016	172.36105079992	1.77985379624893
ENSG00000172020	60.3280916593007	10697.2250772026	48.7970651131584	1067.94482047974	187.543600981219	307.229447939586	82.1635955226831
ENSG00000154165	1	1.09364505733147	1.20385459549474	1.09711004748442	121.400841913281	177.045401796175	1.77985379624893
ENSG00000283310	1.77985379624893	4.22899969083156	366.731148447401	6.80204265389281	1	2.01696773431461	4.33118983308029
ENSG00000189320	2.68896003057324	1.04081670017638	1	77.3502649931711	22.2670117251414	3.99993744072846	1.70782625781268
ENSG00000111962	38.8616988286937	1116.18574699915	10.724151898211	583.878763047316	5975.67658770904	1318.96898933641	170.175758755483
ENSG00000169562	1	1.50848225332229	1.14044334488214	116.09066284764	697.71304534667	4716.34412393935	2.88647255474009
ENSG00000204345	1	1	1.62077541550139	49.0001409776242	1	16.7104720306159	1612.89079375192
ENSG00000168071	2.26090952793001	9.31900763313333	3.25986236502424	89.8812089373069	8.14391001388671	31.2894290811394	3115.19787955689
ENSG00000221926	2139.82169544895	2.9516766337316	16.8439767505677	7.69283407455451	4.34274961777528	3.06713745216608	30.9849428458618
ENSG00000133561	5776.77711670679	18.3900279451042	41.9754290577881	49.8520043189052	2.31265432008098	19.3687234583677	1389.72657163009
ENSG00000180758	11.1618810936319	6.58332245453139	10.1167278745172	45.3093885661693	6.54615097336699	22.220928378123	2416.17167551259
ENSG00000111262	1	22.6913732638327	1	108.79830117818	973.36676774068	1656.00957090582	11.0892585849803
ENSG00000197921	6.3943333236073	157.322981664756	6494.17527061884	1395.31512905641	287.971412300046	26.925252722287	27.0566522989865
ENSG00000188039	8.97498394862802	210.540918235397	10000.3830896219	606.864108707524	115.444883355881	201.285226372107	74.1066051043452
ENSG00000110876	85.2978472951817	4.27610632614916	33.0471948102902	1490.53470076055	103.956558659228	438.475918014175	39062.1551195086
ENSG00000121871	4.80365684255062	105.870505017212	3.81323579808652	1049.60230260115	451.112147461788	217.369351257736	7.46859193867762
ENSG00000137440	584.808187735284	1.22453754891779	1	2.78037530268604	1	1	4.34274961777528
ENSG00000074047	2.56429191842529	38.167393192951	1583.95807180148	12.191103875811	15.4282547189605	14.112252571434	17.5961932968248
ENSG00000164188	2.54868721368425	5.67668690823645	208.763890777295	13.3947473789916	3.23936492412534	1	13.2014702427248
ENSG00000165507	1251.24458723204	4.27610632614916	3.68807791507911	9.73396132834638	2.12378599665382	7.86464667930667	75.1762470476202
ENSG00000177551	3.05661137856958	3593.58109980833	2.62970160731209	1	1	1	2.49838722109677
ENSG00000164651	3.05661137856958	640.49803479314	4.58413627694177	4.31733659316386	1	4.37467526907751	2.11161165536445
ENSG00000181778	3457.80949947612	4.80248522756398	12.6693923269011	7.27585586678149	2.56429191842529	3.48260447454598	21.6290981245431
ENSG00000171631	1.49887574980273	1.48511392911531	2.5416871658311	45.6626939617027	2.01696773431461	15.7790334132818	3169.87040812194
ENSG00000188487	4.0569578879379	3.54439943576394	1.20385459549474	27.5419411777544	350.060714706827	1439.70418824543	6.27175079181364
ENSG00000163885	5.0722117319112	19.7637185696785	842.08179333029	62.4437028668536	28.202871919925	4.99380876178596	16.8713538778014
ENSG00000225968	2.01696773431461	350.308636227365	7.6695279367902	639.003157528256	173.37474899173	29.9303476769318	13.4263570818737
ENSG00000173376	878.487545482318	45168.4552709858	93.9856663712282	41.6057328571649	5.80246636139213	12.4577779644521	4.41180856004537
ENSG00000180914	1	151.707257574833	3.7985652371506	2.32503673613696	1	10.1629607582874	2.14176391282754
ENSG00000197405	2.27494763393531	1.19272491285816	1.54474802912664	51.2726156646748	1	2.12378599665382	2561.69997393572
ENSG00000186973	2.38078039098511	133.654956978723	10.0432333861264	2.01696773431461	1	1	1
ENSG00000255833	1	1.44021551531743	2.01696773431461	21.0532981017693	1	20.998127722929	1713.34146328598
ENSG00000128242	2.38078039098511	23.6400353746709	2.46715317905133	1499.41605830709	4159.84743798319	6925.25189010988	65.2191305952608
ENSG00000175489	1.44021551531743	1.04081670017638	1.19272491285816	25.2987907173519	2.06078269577564	13.0964150046289	2622.26125437728
ENSG00000167755	1	1	1	1	99.4470170612449	778.84121703461	1
ENSG00000180875	4.71312059358816	865.973512473144	3.59093917570515	9.17803220356112	1.83473211861788	8.89704044265294	1
ENSG00000172831	308.433517118943	1	1.22453754891779	1	1	1	5.15947337803241
ENSG00000197245	465.338237676913	3.57455792863904	3.23539765201827	2.50445655233207	1	1	18.7833614296527
ENSG00000197430	1	1	1	3.72806270698134	1653.51280774245	5582.11828418706	15.3987154367462
ENSG00000187513	802.813914045804	5.5384127351241	5.59846719374358	9.01301205383166	1	3.43221119504427	9.71690795066463
ENSG00000171587	8.49885014840588	998.469419260216	4.56098872160796	6292.35589640065	3436.30648233111	423.94154302524	28.7632512614172
ENSG00000180340	5.26868482664324	34.0733033555099	792.07332862397	51.3299773600304	10.372626472241	28.2639778951154	35.8986344848603
ENSG00000166342	8.97474481331042	641.912969785549	2.73441207868926	719.314537589274	228.057096891374	34.8337936973105	8.68943298467405
ENSG00000138135	13.4401392895625	7.43680919549349	4.02364291192838	11.5761338928441	1.94369084002071	1	959.18171543984
ENSG00000219607	1	11.6873984811217	759.670780266533	51.0731075829421	6.26487264690548	59.2534372574069	64.5564813408293
ENSG00000183615	14.4367729291642	1	1	13.0637618464916	1	9.79894530515534	723.319585456791
ENSG00000280165	2.01696773431461	93.9921017450566	167.058660467373	797.00141032904	167.540988711334	8.68943298467405	1
ENSG00000101292	2.9972629708995	155.695332509088	2.8316122544665	4.69188489321423	2.58173221944493	2.48600556442645	1
ENSG00000179178	1.51492421273849	1	1	3.62304781942811	2042.78701274391	3663.55370357202	5.92472038011695
ENSG00000178175	581.526522182179	7.90373833938323	5.88535873380215	3.74804079935912	1	1	1
ENSG00000152661	2523.10007810107	583.772048955987	20308.3172652798	1537.32062936353	36.6686259986157	375.06652007222	246.3428118661
ENSG00000149380	5.40511418289091	31.3783170850367	713.866311268561	7.37986023737476	2.20790429889216	4.03642653281034	7.7920081650485
ENSG00000220008	2.30102685476436	71.1779308733052	10.4886767535879	880.843402224331	177.138042255563	85.8701892629536	10.913116958111
ENSG00000169508	8.33925122879753	1.7878920045076	5.22561016545537	173.933069332359	3.40139676747858	15.6697657012598	5564.43031794441
ENSG00000167178	102.882459626632	9845.65263324376	17.6527646669961	34.892207261818	22.0496168512061	120.878708970043	61.9971282168565
ENSG00000170458	61.9942273051233	9.31043815528583	69.9617315387008	193.309345090308	9.55666008011811	45.2563888252534	9747.00342379291
ENSG00000153822	2.31265432008098	6.85589524587275	153.617627563828	276.694789508514	92.2362449307908	3.96862920280966	2.48600556442645
ENSG00000105383	3.98145972719893	8.60734672262828	2.45718324963203	381.937679858412	42.9752366265536	92.0555476652532	4298.35293433119
ENSG00000283652	3.12166703065635	1.71877880823323	2.96065857433532	78.0891729966893	10.2283030667776	44.5991325731733	2458.18990004438
ENSG00000153446	5282.65867962884	6.78403812708828	18.1369858598064	3.60491324484394	1	5.85183789533827	17.5205849536466
ENSG00000110693	14.4796242581405	506.667396417257	1158.10346444854	4771.0507172599	2600.5146849787	155.54533591634	3.59093917570515
ENSG00000036828	1	1.35800836248266	1.94369084002071	1	1280.62180124454	293.222839212614	1
ENSG00000105122	3.97201112885289	1.58065886019956	2.32839343827089	135.320609470101	8.04173634915628	50.988842297984	4434.02280281238
ENSG00000141934	19.0144723509042	18.2557340610224	4.11949958184599	21.6625289052351	682.007485078169	1478.97502112154	116.143056952232
ENSG00000166428	7.24364515966827	9.06655815666571	8.7390786157716	435.524540745921	28.5536408839881	145.800505720818	13276.6407032659
ENSG00000144230	156.173489141378	407.155051926493	17.3455101272933	52997.7134421177	64876.8468889827	7153.42857046788	119.63216360496
ENSG00000168329	8.25976968603166	21.7738871786731	18.6096854740621	2168.89584747938	100.83910045019	410.973479750858	20664.2368547225
ENSG00000138696	8.47914835534541	52.5761760773848	2386.71507792047	48.1766279980225	2.49838722109677	24.9157189289272	9.1629880101094
ENSG00000185008	14.2974605254839	6615.43709596822	159.070732198748	97.8887932868898	125.241122474678	114.798352003223	11.2107639904608
ENSG00000185736	3.54049804519427	968.940290185606	2.65433018140398	386.511368657743	117.08386349699	9.75666675320893	1
ENSG00000176204	4.63207528023043	183.042959842791	8.30115738544613	506.257005262028	183.35677510417	15.6921141801653	3.35682502139031
ENSG00000150275	3.08076243540556	295.612221737306	20.5846934834817	7066.52414980372	1078.87458324528	128.086184957049	7.40446704008426
ENSG00000107249	15.1415401971958	13.2873696549152	402.748933172229	11.0239252099368	3.58125965273989	1	34.3697072423837
ENSG00000184144	7.56367389042414	4776.99940480228	5.98228368792491	114.719515510708	2311.51160895525	11258.0383139601	27.884899930525
ENSG00000169840	1	11.0428565597172	10.1484393906827	361.030844324587	103.804387455602	4.58636704093457	2.56429191842529
ENSG00000158714	2.71822240823364	1.02537831932661	1.09364505733147	10.2991881546452	1.28983496034258	5.97399686578517	992.201260457312
ENSG00000187902	7.8582388785656	1465.60190329521	15.2383587860153	2693.06366138505	597.744990142312	95.9621496649157	125.407021621424
ENSG00000138821	6956.47169056587	23.1378795843773	92.1214037398626	27.8822687096456	6.90519983515761	8.74519006277197	261.740091236401
ENSG00000258986	18.425396837724	586.157551026243	6.69758617594295	2994.58272220698	530.074494041919	135.269629270525	165.2846772848
ENSG00000196104	11.9224928595629	530.682199305362	1	20.4860234023213	215.135672813983	833.123527158218	2.48600556442645
ENSG00000068078	53.2817701177678	524.109801073217	20523.4455079684	1063.5593649465	133.434856436876	433.396140698142	307.668743047105
ENSG00000166750	1597.46587033043	1.95513972805591	9.76781723173602	4.14602413787022	1	1	25.4340447590072
ENSG00000133574	586.458063144873	1.51492421273849	1.98496354444407	1.09711004748442	1	1	13.9695814507625
ENSG00000148848	56.0699889834183	62.4183765579935	97.4697106620727	2030.11016003982	733.542638894508	409.893475980464	2.11161165536445
ENSG00000138722	564.121817125249	1.1777735651071	5.60257208794815	1	1	1	1
ENSG00000183160	5.8780510160556	1.71877880823323	16.8370423423592	600.397815801669	35.5005327377406	192.418601607246	21477.8174026125
ENSG00000164035	2194.01990025006	2.28304893859064	9.61980120066459	3.74391711402488	1	2.01696773431461	6.46759328984767
ENSG00000096696	142.017895719746	234.000049240661	1.48793769448454	1	1	1	1
ENSG00000152936	190.003614262853	1.04081670017638	1	2.5416871658311	2.06078269577564	1	1
ENSG00000144460	2.22006931156636	723.536672882533	1.63294042817559	76.8804499378758	25.0523776497705	6.58258381548753	4.33118983308029
ENSG00000018236	45.705119384255	3362.46740479857	102.569633417948	28702.7132472799	11406.3632472109	2217.816357988	40.4965358744121
ENSG00000165973	11.8073014375836	612.847346684698	1.22453754891779	9.67010812653261	4.08752431104508	23.8919946878299	4.34274961777528
ENSG00000118322	1	10.5133050475597	7.40478719231276	32.4240701526302	649.619582988604	523.439209377265	1
ENSG00000080224	1.54474802912664	144.298812196337	1	3.21551250960299	1	1	3.48260447454598
ENSG00000176381	284.585297441366	285.16736059853	106.826011159125	281.247845073209	2965.59132815995	11282.9829197445	187.549060056239
ENSG00000069122	15218.7376766831	54.1989291669813	122.935614252928	32.8889389840907	1.87395357489354	17.6100706825901	50.6270103787499
ENSG00000170006	769.053457880613	1	3.76007740216357	1.09711004748442	1	1	39.841981285383
ENSG00000169403	1.83473211861788	4.16390411722275	3.50297329874105	65.8303996153083	7.28467732351328	5.02147455664953	3750.15523287798
ENSG00000188385	1.79663029451939	241.08410260149	2.51776164899512	7.22661083019849	348.466326819718	651.438871625881	12.5927926291756
ENSG00000180660	10.3294304847323	1086.77053644278	7.6739816891794	5.35549940006608	4.19043073235865	1	1
ENSG00000176402	1	12.7301287096142	1.65536755762062	1386.6779063735	6190.33009454982	3749.8645835617	10.0887326862495
ENSG00000254585	1.88043103063485	787.624199987269	2.32503673613696	1.09711004748442	1.44021551531743	1	1
ENSG00000153253	3.70551821609876	1183.69497300222	2.58197942814497	1520.19617573595	330.60459736566	28.0143288855102	1.05075663865322
ENSG00000162591	5712.59977158268	118.734360279461	68.653880576363	8.7390786157716	9.83077424153198	5.2623748903617	56.4232724303854
ENSG00000235568	93.1949798085569	2.70473526330742	2.25830054986355	73.2945487116696	4.31006175910253	33.6336815732275	3243.93650363255
ENSG00000158869	6.5953275084046	8.47914835534541	2.08030279024692	186.752141270658	29.4421985848093	107.139205926739	4470.75362435357
ENSG00000099985	1	1	5.848889066622	69.8101459484097	3.59805491937105	11.74045209322	5749.76364386922
ENSG00000197467	14.4540574624354	3.5797145220304	1.87016831678155	77.6266642890529	1.87395357489354	1	2.01696773431461
ENSG00000188517	11.0724544276153	704.989267678255	1.62838103936668	7.97752763857303	1	11.1190080304442	12.4713225727444
ENSG00000141469	9.25773994791513	68.4088941740011	2930.75125719558	77.8704929757691	29.2283148691429	18.3012203968938	74.5631362439075
ENSG00000064989	934.030249807555	21.8590099033474	9.82939597805935	1643.87481213613	324.942565493782	8.29585681865899	25.6265208818494
ENSG00000184611	7.74516315855485	3552.69909340483	61.113259713887	51.2899798973873	47.0443230475544	66.1298429176108	24.3943832847632
ENSG00000132965	10.7172610587669	6.84746300690978	1.70782625781268	127.503503572576	25.5778785947685	103.381909203774	3705.37795781842
ENSG00000170374	1.49887574980273	3.3845504872346	1	1	121.094105703564	666.788714790878	1
ENSG00000124302	1.51492421273849	78.5336706034975	1.20385459549474	19.1106741471892	647.560338480414	492.321742734592	64.6570586844915
ENSG00000184408	9.21386147710235	742.164247961211	572.266462005097	1953.8282175415	348.764962294208	23.8810033264607	11.3641952839752
ENSG00000080493	78.355209341694	1262.12458232859	28316.2348338598	2005.93021718191	160.096390792224	300.603834456301	135.880318648023
ENSG00000144278	3.10903994755193	189.638518488615	1.93909126512016	1061.25685132562	479.174841611757	233.928783607203	2.56429191842529
ENSG00000095585	1.35800836248266	4.50758491548931	2.76155570563135	135.753068049687	12.8415261084689	44.4484761843187	3369.14912800965
ENSG00000179292	9.56214481178167	1158.14190513226	2.86870243354914	85.2360598421848	5319.3450843351	11833.1944011518	214.469910345895
ENSG00000130226	21.199298341915	1365.17328612822	148.166783905769	5879.69289283795	1674.36848826576	198.567530121215	89.0450795421949
ENSG00000118271	541.696515741205	11.3810167783717	1	1	1	5.02147455664953	27.4182001088323
ENSG00000145779	164.520218739536	83.015732715285	2503.52327953123	43.411257683268	3.90157305051695	20.8598009771588	341.986828889719
ENSG00000141736	199.991779759822	25.1958101308031	653.330610741288	10.3483419635879	5.18125480713284	10.3699480116203	4.46843667675475
ENSG00000258947	124.71942330479	15098.7808980881	58.8506204699799	306.02641148321	200.393183886891	935.648828041992	267.239413721885
ENSG00000104833	98.281026398941	3963.59011577094	111.06306915432	4206.39880048221	39363.7521436368	30211.1250905352	420.034865182787
ENSG00000138944	12.7831786369913	398.608894780279	95.423977397257	2144.53596164561	9714.17916178185	2201.98773237163	64.8793719757816
ENSG00000128052	21853.1698125403	47.1985414803476	178.413865812377	38.8141286652956	23.9813196900098	70.2173238601583	175.494926295204
ENSG00000171056	4945.75115117491	40.3658941070351	428.857922532178	8.36332324573304	4.49858893421785	12.2503348640859	12.6245160409403
ENSG00000139572	1.77609299581754	3.48992338568831	4.93142238537255	20.3919612351724	1.208710082887	5.71266007754944	3527.26576878012
ENSG00000139173	9.99345260855621	60.1728940923516	11.0538855414253	20.0705899999045	548.483564824862	1362.26086479156	3.91641351476349
ENSG00000156395	4.29418860458652	243.78936727217	2.63753491477282	754.897918581347	169.766336537015	50.1221920259499	5.88252378940704
ENSG00000148123	6.46512911069569	292.097333537952	20.57573541959	1508.66026056564	388.205093458648	12.226695090086	3.06713745216608
ENSG00000167414	1	4.41180856004537	1.95513972805591	18.4990275273612	98.2546139154996	475.738245998978	1
ENSG00000149452	8440.8003902043	27.4897224053355	60.8272495103417	54.6222150835415	1.44021551531743	31.5513808523874	53.0859321648518
ENSG00000139767	2.27494763393531	980.983594308269	24.8066132971122	13.2444007283687	7.20336441000979	19.9844111351241	23.0250363519133
ENSG00000161055	236.339830101984	1.06826673800486	1	1	1	1	1
ENSG00000171115	727.611231208995	2.13641575287888	9.28377216519277	3.35949487040607	1	1	8.36332324573304
ENSG00000144619	3.48260447454598	85.6105836485674	3.12648024857157	581.812590822597	140.518873179455	26.8170084119316	1
ENSG00000164161	1.4597356097887	266.930665358348	287.40064383917	50.7008654369263	1199.29308710093	1388.97519815644	1
ENSG00000171798	1	281.014483903598	27.544616534885	118.702692659852	14289.1507699042	9209.62438790735	61.2317171740079
ENSG00000143341	4586.84168683151	17.8707007318293	65.972532827247	10.1414150490116	2.48600556442645	4.10524748876304	1
ENSG00000196431	1.84600868746045	2.56429191842529	1	13.7758961376347	4.5120038349531	10.3318102697763	995.443070332409
ENSG00000182177	1.19422009496884	6.52181530131758	1.09364505733147	7.46172847851939	86.0101657707146	11.9811013088939	1.64407011081217
ENSG00000077274	1.38544982571633	12.9961619236927	1.45511840996708	10.87741103542	168.502183333132	63.0718698824235	2.06078269577564
ENSG00000119938	31.6528890385716	87.4457540713464	4655.58024675629	88.2190221506414	16.6363090276808	130.600459339435	70.1860319583853
ENSG00000156925	1599.58148171502	80.4158110383309	42.5032731041767	6.62098919570099	1.02537831932661	5.56319194664387	1.05075663865322
ENSG00000169085	48.9040162061972	358.615995299484	13.7338544620585	17352.0690974471	8068.37609662613	551.237741155049	123.641567617881
ENSG00000106278	116.982904237138	9521.41802402345	326374.871628179	97601.115620221	12503.4918091622	540.46819958086	317.883200566797
ENSG00000188580	11.2692057294601	366.6454842285	235.721743241037	15.7107105229132	1471.45896818131	2992.29596048359	14.6987392321555
ENSG00000204767	3.50780319735952	32.657063148412	1.29995431002306	185.754328820697	34.8748234862918	2.46715317905133	1
ENSG00000277399	1	5.7679163341433	119.198604173599	4.52877417018745	1	1	5.20969416633177
ENSG00000203805	3.46412478042196	32.5640242087366	77.0275892914812	1161.2535146727	271.718757124338	15.9965914314721	7.37018933477736
ENSG00000156218	1.44021551531743	16.6686993024209	20.9886330944954	465.195487255631	104.16176688689	30.3988011325339	1
ENSG00000183888	359.69702710257	1.09711004748442	1.15926294193682	1	1.4597356097887	4.63207528023043	12.3245228046439
ENSG00000163694	1.44021551531743	1	1	10.6412046292027	3.28263585894583	1	536.984993325937
ENSG00000183379	4.26952911304653	1256.32977001734	1.79663029451939	9.25427053829234	4.76157273714833	35.0145983046541	30.5713500143564
ENSG00000283241	3.81444211797974	12.2307522315218	112.781848804281	1.56643835426486	1	1	1
ENSG00000100368	8.70563027288454	1.22453754891779	1.93909126512016	30.0503194540714	1	6.25421316798543	1203.36426392199
ENSG00000100365	3.72368860190533	1.02537831932661	2.56429191842529	32.0215738611696	5.06433669399091	9.98987610103803	1914.59543285938
ENSG00000214274	1.79822387780008	2.143269828048	1	29.6776873276265	3.75352513362172	16.2901817352878	1132.39818360857
ENSG00000205045	12.7654596836348	1.15926294193682	1	7.39491909846431	1.70782625781268	12.4134694578239	1722.84210769242
ENSG00000205116	28.3933097771067	12.6564466344343	18.9266703365386	143.753870623813	7945.83562415355	13751.2046183271	17.4901739681703
ENSG00000188916	5.12353104116657	992.193253970333	22.6104574899283	110.168384546167	56.4175882203536	3.20740383642646	7.00536217088653
ENSG00000140961	956.853939788272	3.3076316621302	2.88738168004142	18.0605586736879	1.83473211861788	8.80192145343553	2784.60245616909
ENSG00000248144	299.107506158473	1	1.05075663865322	2.9248148774459	1.09364505733147	1.36498089379993	1.23755339236655
ENSG00000141854	1.05075663865322	1.19272491285816	2.16714223215415	10.1163574827299	150.26302038937	236.06743820305	7.493645311956
ENSG00000134830	1.19422009496884	1.14044334488214	1.06619501950299	9.01024528086366	1.25637298942124	1.76928557804443	413.250592520681
ENSG00000206199	1.31852588387364	1.02537831932661	1.97106362237796	1.34429794037688	57.4048539246621	181.336833934755	1.95513972805591
ENSG00000176971	1.56643835426486	278.506002936348	5.96520894909196	2.95851811527171	1	1	1
ENSG00000172508	17.0991974416636	36.2421861762541	35.6575834000153	17.2653073531622	552.853428169617	2247.50648886544	42.4817091340007
ENSG00000169432	1.49887574980273	194.197302389629	1.20385459549474	12.2676680423646	3.93902070287444	2.48600556442645	2.48600556442645
ENSG00000178235	1.91947121957741	276.28530879935	6.7017403080908	1274.14454161957	221.153332991003	37.9755093082864	11.7043999252543
ENSG00000204655	1	40.4845173726301	1.56643835426486	39.8048979877392	13879.5987091706	34038.1512149775	47.7659339164745
ENSG00000084628	4.26694331366215	446.943889058092	75.4407514768613	259.164785010583	1782.26277563435	4175.88900689169	10.2150920287627
ENSG00000126860	3.17725925470935	5.848889066622	7.84002282576756	147.109810695771	649.517874239686	2288.37813977658	1965.62599050095
ENSG00000204183	1	389.230794380424	4.33682962116075	2.11407778179902	1	1	1
ENSG00000115041	12.2700227649854	196.383238693094	1925.79007683207	7127.92014104827	1335.74875432827	195.64476733799	101.41787041488
ENSG00000092529	4.76840486284926	3.02194773476236	2.14176391282754	155.926149689374	19.979504510861	70.1049877223956	3086.26847381149
ENSG00000121807	2.01696773431461	1.22923291482135	2.33448882568571	182.361735259925	4.26952911304653	14.2629201582796	3070.85250946278
ENSG00000244607	3.99677444219354	8.27410931519612	111.467679467523	32.0547201976491	320.086719430814	909.45978944898	10.2508003980981
ENSG00000283297	1	1.64594549978482	1.77985379624893	1.42805050264323	50.6487378365836	141.188811809518	1
ENSG00000156966	1.49887574980273	23.0266551343186	3.32893861856189	494.611774376559	248.938349378992	5.96520894909196	175.093236456516
ENSG00000134716	1	1	1	1.19272491285816	119.464291172327	764.181139165837	1
ENSG00000111432	1.62056718045821	61.2424809665991	927.259760304713	26.288080242924	3.48260447454598	30.2411625402589	31.6644161775684
ENSG00000173705	1.83473211861788	9.52274912865361	1	1537.90159331179	974.904031451428	27.0881036662201	1
ENSG00000140379	3.24757199330765	1	1.44021551531743	16.834188412744	1	20.4959027997408	1264.74291973361
ENSG00000178878	29401.2442928873	80.2437810996548	112.670348320796	37.0500090491364	20.6763318306035	28.0447938208006	213.178333513778
ENSG00000176928	5.54347437490546	10.6760867107159	697.643768827209	17.4884395211676	3.13434241332162	5.98194167097921	1
ENSG00000103184	1	1.12248836681103	1	1.44021551531743	358.658458503098	924.579996557488	1
ENSG00000180929	7.23301429194705	39.231013948395	17.1301642746366	33.9002098705396	675.460372090897	2346.6672381441	23.852246725102
ENSG00000183347	1.56643835426486	1.2613126394789	1.49887574980273	7.39553678846746	111.501747678652	31.6095637522918	1
ENSG00000182674	3.13073027269014	1714.75685772405	5.41085101064428	75.5506035148823	20.9949194381572	1	1
ENSG00000182968	5.37887986897575	549.928842316349	1067.28560151927	29.3893218650114	8.68298183871072	12.5005630431599	10.7514488159667
ENSG00000162624	1.29970628681896	136.514911365577	1.16537678548928	1.16582166420875	1.42057558141572	2.47670334410331	1.94297471538171
ENSG00000140067	1.64594549978482	25.1605117216149	306.23120236911	13.4385549934922	3.53318151668613	4.77251862511257	1.09364505733147
ENSG00000174473	3.65812189226847	380.353236705649	4.50654709689083	18.2970697595562	8.70563027288454	4.68248745412975	1.05075663865322
ENSG00000187714	1	112.720342016838	1	1.29995431002306	1	4.05746881047901	1
ENSG00000187416	10.4279790136643	284.427412412971	7.25694438792584	12218.470007143	2345.19325606803	160.808402987205	6.58258381548753
